parameter	renewable_signal(interval)	/
1	0	
2	0	
3	0	
4	0	
5	0	
6	0	
7	0	
8	0.0819701	
9	0.363383	
10	0.58023	
11	0.661504	
12	0.672816	
13	0.669683	
14	0.655586	
15	0.557431	
16	0.329273	
17	0	
18	0	
19	0	
20	0	
21	0	
22	0	
23	0	
24	0	
25	0	
26	0	
27	0	
28	0	
29	0	
30	0	
31	0	
32	0.103376	
33	0.410372	
34	0.631744	
35	0.700139	
36	0.707101	
37	0.704664	
38	0.690219	
39	0.599548	
40	0.357466	
41	0	
42	0	
43	0	
44	0	
45	0	
46	0	
47	0	
48	0	
49	0	
50	0	
51	0	
52	0	
53	0	
54	0	
55	0	
56	0.096763	
57	0.402715	
58	0.624086	
59	0.694222	
60	0.701357	
61	0.699269	
62	0.681518	
63	0.591716	
64	0.353115	
65	0	
66	0	
67	0	
68	0	
69	0	
70	0	
71	0	
72	0	
73	0	
74	0	
75	0	
76	0	
77	0	
78	0	
79	0	
80	0.0972851	
81	0.364253	
82	0.573094	
83	0.663244	
84	0.655412	
85	0.656979	
86	0.595893	
87	0.477898	
88	0.27393	
89	0	
90	0	
91	0	
92	0	
93	0	
94	0	
95	0	
96	0	
97	0	
98	0	
99	0	
100	0	
101	0	
102	0	
103	0	
104	0.0880613	
105	0.385486	
106	0.598677	
107	0.68204	
108	0.695266	
109	0.687435	
110	0.676819	
111	0.582144	
112	0.356944	
113	0	
114	0	
115	0	
116	0	
117	0	
118	0	
119	0	
120	0	
121	0	
122	0	
123	0	
124	0	
125	0	
126	0	
127	0	
128	0.0936304	
129	0.399234	
130	0.617821	
131	0.669161	
132	0.689349	
133	0.66133	
134	0.676123	
135	0.594675	
136	0.365298	
137	0	
138	0	
139	0	
140	0	
141	0	
142	0	
143	0	
144	0	
145	0	
146	0	
147	0	
148	0	
149	0	
150	0	
151	0	
152	0.0776192	
153	0.349635	
154	0.532892	
155	0.649495	
156	0.658893	
157	0.64062	
158	0.57118	
159	0.507309	
160	0.278281	
161	0	
162	0	
163	0	
164	0	
165	0	
166	0	
167	0	
168	0	
169	0	
170	0	
171	0	
172	0	
173	0	
174	0	
175	0	
176	0.0337626	
177	0.227115	
178	0.382353	
179	0.462931	
180	0.541246	
181	0.549948	
182	0.50087	
183	0.348938	
184	0.164462	
185	0	
186	0	
187	0	
188	0	
189	0	
190	0	
191	0	
192	0	
193	0	
194	0	
195	0	
196	0	
197	0	
198	0	
199	0	
200	0.0583014	
201	0.248347	
202	0.433519	
203	0.493039	
204	0.547511	
205	0.597111	
206	0.574487	
207	0.484685	
208	0.291855	
209	0.0485555	
210	0	
211	0	
212	0	
213	0	
214	0	
215	0	
216	0	
217	0	
218	0	
219	0	
220	0	
221	0	
222	0	
223	0	
224	0.050818	
225	0.281761	
226	0.448312	
227	0.426732	
228	0.43961	
229	0.412809	
230	0.404107	
231	0.299513	
232	0.145493	
233	0.0243648	
234	0	
235	0	
236	0	
237	0	
238	0	
239	0	
240	0	
241	0	
242	0	
243	0	
244	0	
245	0	
246	0	
247	0	
248	0.0281935	
249	0.116603	
250	0.219631	
251	0.301949	
252	0.344588	
253	0.344762	
254	0.309259	
255	0.231465	
256	0.116429	
257	0.0243648	
258	0	
259	0	
260	0	
261	0	
262	0	
263	0	
264	0	
265	0	
266	0	
267	0	
268	0	
269	0	
270	0	
271	0	
272	0.0346328	
273	0.178907	
274	0.270101	
275	0.421859	
276	0.544379	
277	0.545945	
278	0.526453	
279	0.45684	
280	0.301079	
281	0.0596937	
282	0	
283	0	
284	0	
285	0	
286	0	
287	0	
288	0	
289	0	
290	0	
291	0	
292	0	
293	0	
294	0	
295	0	
296	0.0572572	
297	0.257396	
298	0.458232	
299	0.588235	
300	0.629133	
301	0.662374	
302	0.614166	
303	0.546815	
304	0.360947	
305	0.0722242	
306	0	
307	0	
308	0	
309	0	
310	0	
311	0	
312	0	
313	0	
314	0	
315	0	
316	0	
317	0	
318	0	
319	0	
320	0.0953707	
321	0.376088	
322	0.563696	
323	0.654194	
324	0.678559	
325	0.69544	
326	0.700313	
327	0.624782	
328	0.416464	
329	0.0995475	
330	0	
331	0	
332	0	
333	0	
334	0	
335	0	
336	0	
337	0	
338	0	
339	0	
340	0	
341	0	
342	0	
343	0	
344	0.097111	
345	0.379046	
346	0.572572	
347	0.643056	
348	0.660808	
349	0.669335	
350	0.668117	
351	0.589628	
352	0.39819	
353	0.0986773	
354	0	
355	0	
356	0	
357	0	
358	0	
359	0	
360	0	
361	0	
362	0	
363	0	
364	0	
365	0	
366	0	
367	0	
368	0.097111	
369	0.362513	
370	0.504525	
371	0.56944	
372	0.629133	
373	0.613296	
374	0.561956	
375	0.505743	
376	0.324748	
377	0.0955447	
378	0	
379	0	
380	0	
381	0	
382	0	
383	0	
384	0	
385	0	
386	0	
387	0	
388	0	
389	0	
390	0	
391	0	
392	0.0946746	
393	0.364079	
394	0.528716	
395	0.6126	
396	0.6441	
397	0.673164	
398	0.666377	
399	0.595023	
400	0.396624	
401	0.102332	
402	0	
403	0	
404	0	
405	0	
406	0	
407	0	
408	0	
409	0	
410	0	
411	0	
412	0	
413	0	
414	0	
415	0	
416	0.07118	
417	0.335538	
418	0.510964	
419	0.532196	
420	0.570484	
421	0.57379	
422	0.522798	
423	0.492865	
424	0.304038	
425	0.10268	
426	0	
427	0	
428	0	
429	0	
430	0	
431	0	
432	0	
433	0	
434	0	
435	0	
436	0	
437	0	
438	0	
439	0	
440	0.0760529	
441	0.315872	
442	0.5181	
443	0.580752	
444	0.592238	
445	0.617473	
446	0.62339	
447	0.570832	
448	0.403237	
449	0.120432	
450	0	
451	0	
452	0	
453	0	
454	0	
455	0	
456	0	
457	0	
458	0	
459	0	
460	0	
461	0	
462	0	
463	0	
464	0.0638705	
465	0.2252	
466	0.336408	
467	0.411243	
468	0.430038	
469	0.462931	
470	0.379046	
471	0.32788	
472	0.207971	
473	0.0635225	
474	0	
475	0	
476	0	
477	0	
478	0	
479	0	
480	0	
481	0	
482	0	
483	0	
484	0	
485	0	
486	0	
487	0	
488	0.0824922	
489	0.291507	
490	0.4189	
491	0.507483	
492	0.560564	
493	0.609641	
494	0.615385	
495	0.537939	
496	0.385486	
497	0.110686	
498	0	
499	0	
500	0	
501	0	
502	0	
503	0	
504	0	
505	0	
506	0	
507	0	
508	0	
509	0	
510	0	
511	0	
512	0.086495	
513	0.335364	
514	0.470588	
515	0.563696	
516	0.635399	
517	0.670379	
518	0.575357	
519	0.485381	
520	0.319527	
521	0.097111	
522	0	
523	0	
524	0	
525	0	
526	0	
527	0	
528	0	
529	0	
530	0	
531	0	
532	0	
533	0	
534	0	
535	0	
536	0.0809259	
537	0.284372	
538	0.451096	
539	0.583014	
540	0.607205	
541	0.627393	
542	0.62339	
543	0.562478	
544	0.454925	
545	0.15315	
546	0	
547	0	
548	0	
549	0	
550	0	
551	0	
552	0	
553	0	
554	0	
555	0	
556	0	
557	0	
558	0	
559	0	
560	0.102506	
561	0.392273	
562	0.584581	
563	0.652106	
564	0.659415	
565	0.657675	
566	0.638357	
567	0.565611	
568	0.452663	
569	0.140097	
570	0	
571	0	
572	0	
573	0	
574	0	
575	0	
576	0	
577	0	
578	0	
579	0	
580	0	
581	0	
582	0	
583	0	
584	0.0960668	
585	0.382353	
586	0.535503	
587	0.621476	
588	0.64323	
589	0.589628	
590	0.550644	
591	0.464845	
592	0.299687	
593	0.0950226	
594	0	
595	0	
596	0	
597	0	
598	0	
599	0	
600	0	
601	0	
602	0	
603	0	
604	0	
605	0	
606	0	
607	0	
608	0.0139227	
609	0.0723982	
610	0.122694	
611	0.18204	
612	0.215802	
613	0.227289	
614	0.187261	
615	0.128611	
616	0.061434	
617	0.0114863	
618	0	
619	0	
620	0	
621	0	
622	0	
623	0	
624	0	
625	0	
626	0	
627	0	
628	0	
629	0	
630	0	
631	0	
632	0.0315002	
633	0.15402	
634	0.272885	
635	0.362861	
636	0.476157	
637	0.447616	
638	0.360425	
639	0.381483	
640	0.268013	
641	0.0922381	
642	0	
643	0	
644	0	
645	0	
646	0	
647	0	
648	0	
649	0	
650	0	
651	0	
652	0	
653	0	
654	0	
655	0	
656	0.0623042	
657	0.275322	
658	0.405674	
659	0.534633	
660	0.53968	
661	0.528368	
662	0.389314	
663	0.214758	
664	0.0957188	
665	0.0294118	
666	0	
667	0	
668	0	
669	0	
670	0	
671	0	
672	0	
673	0	
674	0	
675	0	
676	0	
677	0	
678	0	
679	0	
680	0.0221023	
681	0.116255	
682	0.220501	
683	0.309259	
684	0.371041	
685	0.392621	
686	0.39558	
687	0.339715	
688	0.201009	
689	0.06126	
690	0	
691	0	
692	0	
693	0	
694	0	
695	0	
696	0	
697	0	
698	0	
699	0	
700	0	
701	0	
702	0	
703	0	
704	0.0233206	
705	0.116255	
706	0.245562	
707	0.404281	
708	0.490602	
709	0.402541	
710	0.426732	
711	0.33519	
712	0.237905	
713	0.0821441	
714	0	
715	0	
716	0	
717	0	
718	0	
719	0	
720	0	
721	0	
722	0	
723	0	
724	0	
725	0	
726	0	
727	0	
728	0.0619561	
729	0.220849	
730	0.400801	
731	0.515489	
732	0.553603	
733	0.536025	
734	0.536199	
735	0.522624	
736	0.406718	
737	0.155586	
738	0	
739	0	
740	0	
741	0	
742	0	
743	0	
744	0	
745	0	
746	0	
747	0	
748	0	
749	0	
750	0	
751	0	
752	0.122694	
753	0.451444	
754	0.672642	
755	0.756526	
756	0.746606	
757	0.686042	
758	0.700835	
759	0.648799	
760	0.460494	
761	0.147929	
762	0	
763	0	
764	0	
765	0	
766	0	
767	0	
768	0	
769	0	
770	0	
771	0	
772	0	
773	0	
774	0	
775	0	
776	0.114688	
777	0.42621	
778	0.626871	
779	0.714584	
780	0.7252	
781	0.718065	
782	0.731117	
783	0.671076	
784	0.49913	
785	0.171598	
786	0	
787	0	
788	0	
789	0	
790	0	
791	0	
792	0	
793	0	
794	0	
795	0	
796	0	
797	0	
798	0	
799	0	
800	0.128089	
801	0.436304	
802	0.660459	
803	0.689349	
804	0.717891	
805	0.69283	
806	0.671076	
807	0.569266	
808	0.483293	
809	0.187783	
810	0	
811	0	
812	0	
813	0	
814	0	
815	0	
816	0	
817	0	
818	0	
819	0	
820	0	
821	0	
822	0	
823	0	
824	0.140794	
825	0.46763	
826	0.675078	
827	0.760355	
828	0.762792	
829	0.761747	
830	0.742081	
831	0.704838	
832	0.519318	
833	0.197877	
834	0	
835	0	
836	0	
837	0	
838	0	
839	0	
840	0	
841	0	
842	0	
843	0	
844	0	
845	0	
846	0	
847	0	
848	0.130178	
849	0.486947	
850	0.620258	
851	0.656109	
852	0.698225	
853	0.710233	
854	0.67212	
855	0.602506	
856	0.498086	
857	0.176819	
858	0	
859	0	
860	0	
861	0	
862	0	
863	0	
864	0	
865	0	
866	0	
867	0	
868	0	
869	0	
870	0	
871	0.000174034	
872	0.115733	
873	0.425861	
874	0.669857	
875	0.707971	
876	0.747999	
877	0.683432	
878	0.672642	
879	0.664636	
880	0.508354	
881	0.176819	
882	0	
883	0	
884	0	
885	0	
886	0	
887	0	
888	0	
889	0	
890	0	
891	0	
892	0	
893	0	
894	0	
895	0.000696136	
896	0.123042	
897	0.409154	
898	0.564741	
899	0.545771	
900	0.567873	
901	0.564219	
902	0.548033	
903	0.452141	
904	0.352071	
905	0.158023	
906	0	
907	0	
908	0	
909	0	
910	0	
911	0	
912	0	
913	0	
914	0	
915	0	
916	0	
917	0	
918	0	
919	0.000870171	
920	0.146885	
921	0.398538	
922	0.582666	
923	0.659067	
924	0.705882	
925	0.68117	
926	0.682388	
927	0.615037	
928	0.445527	
929	0.201706	
930	0	
931	0	
932	0	
933	0	
934	0	
935	0	
936	0	
937	0	
938	0	
939	0	
940	0	
941	0	
942	0	
943	0	
944	0.162026	
945	0.513923	
946	0.710929	
947	0.777758	
948	0.764184	
949	0.766098	
950	0.708145	
951	0.632092	
952	0.489384	
953	0.256004	
954	0	
955	0	
956	0	
957	0	
958	0	
959	0	
960	0	
961	0	
962	0	
963	0	
964	0	
965	0	
966	0	
967	0.000696136	
968	0.170205	
969	0.514097	
970	0.722416	
971	0.803341	
972	0.788026	
973	0.798991	
974	0.806648	
975	0.767838	
976	0.614514	
977	0.270275	
978	0	
979	0	
980	0	
981	0	
982	0	
983	0	
984	0	
985	0	
986	0	
987	0	
988	0	
989	0	
990	0	
991	0.0010442	
992	0.163592	
993	0.498608	
994	0.667421	
995	0.752872	
996	0.755134	
997	0.752349	
998	0.789419	
999	0.767838	
1000	0.629481	
1001	0.26749	
1002	0	
1003	0	
1004	0	
1005	0	
1006	0	
1007	0	
1008	0	
1009	0	
1010	0	
1011	0	
1012	0	
1013	0	
1014	0	
1015	0.00156631	
1016	0.188305	
1017	0.545249	
1018	0.755308	
1019	0.819353	
1020	0.819701	
1021	0.819005	
1022	0.82527	
1023	0.780369	
1024	0.636095	
1025	0.291855	
1026	0	
1027	0	
1028	0	
1029	0	
1030	0	
1031	0	
1032	0	
1033	0	
1034	0	
1035	0	
1036	0	
1037	0	
1038	0	
1039	0.00191438	
1040	0.192656	
1041	0.552558	
1042	0.743822	
1043	0.799687	
1044	0.80717	
1045	0.807692	
1046	0.809259	
1047	0.775322	
1048	0.639575	
1049	0.296728	
1050	0	
1051	0	
1052	0	
1053	0	
1054	0	
1055	0	
1056	0	
1057	0	
1058	0	
1059	0	
1060	0	
1061	0	
1062	0	
1063	0.00295858	
1064	0.193352	
1065	0.50818	
1066	0.711103	
1067	0.785068	
1068	0.787156	
1069	0.760529	
1070	0.753916	
1071	0.70536	
1072	0.552036	
1073	0.232336	
1074	0	
1075	0	
1076	0	
1077	0	
1078	0	
1079	0	
1080	0	
1081	0	
1082	0	
1083	0	
1084	0	
1085	0	
1086	0	
1087	0.0010442	
1088	0.180995	
1089	0.481552	
1090	0.695962	
1091	0.770623	
1092	0.775496	
1093	0.769231	
1094	0.770971	
1095	0.741559	
1096	0.610686	
1097	0.280369	
1098	0	
1099	0	
1100	0	
1101	0	
1102	0	
1103	0	
1104	0	
1105	0	
1106	0	
1107	0	
1108	0	
1109	0	
1110	0	
1111	0.00382875	
1112	0.200139	
1113	0.527845	
1114	0.75322	
1115	0.791159	
1116	0.804734	
1117	0.771319	
1118	0.743996	
1119	0.716672	
1120	0.618343	
1121	0.303167	
1122	0	
1123	0	
1124	0	
1125	0	
1126	0	
1127	0	
1128	0	
1129	0	
1130	0	
1131	0	
1132	0	
1133	0	
1134	0	
1135	0.00365472	
1136	0.180647	
1137	0.534633	
1138	0.740167	
1139	0.816568	
1140	0.818482	
1141	0.817612	
1142	0.822311	
1143	0.778977	
1144	0.637487	
1145	0.30717	
1146	0	
1147	0	
1148	0	
1149	0	
1150	0	
1151	0	
1152	0	
1153	0	
1154	0	
1155	0	
1156	0	
1157	0	
1158	0	
1159	0.00522102	
1160	0.180299	
1161	0.464671	
1162	0.638531	
1163	0.749391	
1164	0.798294	
1165	0.801253	
1166	0.776888	
1167	0.678211	
1168	0.489906	
1169	0.196136	
1170	0	
1171	0	
1172	0	
1173	0	
1174	0	
1175	0	
1176	0	
1177	0	
1178	0	
1179	0	
1180	0	
1181	0	
1182	0	
1183	0.00278455	
1184	0.152106	
1185	0.405151	
1186	0.602158	
1187	0.705012	
1188	0.746084	
1189	0.750957	
1190	0.745388	
1191	0.70188	
1192	0.556561	
1193	0.239819	
1194	0	
1195	0	
1196	0	
1197	0	
1198	0	
1199	0	
1200	0	
1201	0	
1202	0	
1203	0	
1204	0	
1205	0	
1206	0	
1207	0.00156631	
1208	0.0880613	
1209	0.261573	
1210	0.411591	
1211	0.557257	
1212	0.593804	
1213	0.574661	
1214	0.557083	
1215	0.468326	
1216	0.372955	
1217	0.192308	
1218	0	
1219	0	
1220	0	
1221	0	
1222	0	
1223	0	
1224	0	
1225	0	
1226	0	
1227	0	
1228	0	
1229	0	
1230	0	
1231	0.00730943	
1232	0.190219	
1233	0.420466	
1234	0.560216	
1235	0.632788	
1236	0.629481	
1237	0.541942	
1238	0.508354	
1239	0.492865	
1240	0.403063	
1241	0.208841	
1242	0	
1243	0	
1244	0	
1245	0	
1246	0	
1247	0	
1248	0	
1249	0	
1250	0	
1251	0	
1252	0	
1253	0	
1254	0	
1255	0.0071354	
1256	0.139575	
1257	0.294466	
1258	0.415942	
1259	0.464149	
1260	0.493909	
1261	0.489384	
1262	0.371389	
1263	0.291333	
1264	0.162722	
1265	0.076575	
1266	0	
1267	0	
1268	0	
1269	0	
1270	0	
1271	0	
1272	0	
1273	0	
1274	0	
1275	0	
1276	0	
1277	0	
1278	0	
1279	0.00748347	
1280	0.130874	
1281	0.371563	
1282	0.494257	
1283	0.533241	
1284	0.57379	
1285	0.524017	
1286	0.562826	
1287	0.473199	
1288	0.393143	
1289	0.227985	
1290	0	
1291	0	
1292	0	
1293	0	
1294	0	
1295	0	
1296	0	
1297	0	
1298	0	
1299	0	
1300	0	
1301	0	
1302	0	
1303	0.0142708	
1304	0.249913	
1305	0.604595	
1306	0.760355	
1307	0.765924	
1308	0.833101	
1309	0.836756	
1310	0.776888	
1311	0.768535	
1312	0.689523	
1313	0.352071	
1314	0	
1315	0	
1316	0	
1317	0	
1318	0	
1319	0	
1320	0	
1321	0	
1322	0	
1323	0	
1324	0	
1325	0	
1326	0	
1327	0.0167073	
1328	0.277236	
1329	0.574313	
1330	0.784546	
1331	0.828054	
1332	0.825618	
1333	0.817612	
1334	0.838148	
1335	0.809781	
1336	0.662026	
1337	0.348242	
1338	0	
1339	0	
1340	0	
1341	0	
1342	0	
1343	0	
1344	0	
1345	0	
1346	0	
1347	0	
1348	0	
1349	0	
1350	0	
1351	0.0170553	
1352	0.259659	
1353	0.572572	
1354	0.762966	
1355	0.830143	
1356	0.838844	
1357	0.837452	
1358	0.789071	
1359	0.750087	
1360	0.604072	
1361	0.310651	
1362	0	
1363	0	
1364	0	
1365	0	
1366	0	
1367	0	
1368	0	
1369	0	
1370	0	
1371	0	
1372	0	
1373	0	
1374	0	
1375	0.0177515	
1376	0.258093	
1377	0.522102	
1378	0.595023	
1379	0.699269	
1380	0.797424	
1381	0.737905	
1382	0.74243	
1383	0.70449	
1384	0.499652	
1385	0.242081	
1386	0	
1387	0	
1388	0	
1389	0	
1390	0	
1391	0	
1392	0	
1393	0	
1394	0	
1395	0	
1396	0	
1397	0	
1398	0	
1399	0.0158371	
1400	0.214758	
1401	0.466934	
1402	0.668813	
1403	0.683084	
1404	0.568221	
1405	0.565611	
1406	0.560738	
1407	0.467978	
1408	0.376958	
1409	0.167595	
1410	0	
1411	0	
1412	0	
1413	0	
1414	0	
1415	0	
1416	0	
1417	0	
1418	0	
1419	0	
1420	0	
1421	0	
1422	0	
1423	0.00278455	
1424	0.0739645	
1425	0.15402	
1426	0.244518	
1427	0.307692	
1428	0.337104	
1429	0.325966	
1430	0.392621	
1431	0.295162	
1432	0.184302	
1433	0.0896276	
1434	0	
1435	0	
1436	0	
1437	0	
1438	0	
1439	0	
1440	0	
1441	0	
1442	0	
1443	0	
1444	0	
1445	0	
1446	0	
1447	0.0071354	
1448	0.140271	
1449	0.36495	
1450	0.516533	
1451	0.646363	
1452	0.609119	
1453	0.51984	
1454	0.492691	
1455	0.5496	
1456	0.476157	
1457	0.292899	
1458	0	
1459	0	
1460	0	
1461	0	
1462	0	
1463	0	
1464	0	
1465	0	
1466	0	
1467	0	
1468	0	
1469	0	
1470	0	
1471	0.0250609	
1472	0.27654	
1473	0.619213	
1474	0.769579	
1475	0.79464	
1476	0.787156	
1477	0.766446	
1478	0.720327	
1479	0.659937	
1480	0.533415	
1481	0.375044	
1482	0	
1483	0	
1484	0	
1485	0	
1486	0	
1487	0	
1488	0	
1489	0	
1490	0	
1491	0	
1492	0	
1493	0	
1494	0	
1495	0.0328924	
1496	0.324748	
1497	0.65141	
1498	0.818134	
1499	0.875044	
1500	0.879742	
1501	0.83432	
1502	0.841455	
1503	0.822833	
1504	0.718761	
1505	0.419248	
1506	0	
1507	0	
1508	0	
1509	0	
1510	0	
1511	0	
1512	0	
1513	0	
1514	0	
1515	0	
1516	0	
1517	0	
1518	0	
1519	0.0375914	
1520	0.340933	
1521	0.68465	
1522	0.859903	
1523	0.900801	
1524	0.894709	
1525	0.892447	
1526	0.897494	
1527	0.872955	
1528	0.742081	
1529	0.439088	
1530	0	
1531	0	
1532	0	
1533	0	
1534	0	
1535	0	
1536	0	
1537	0	
1538	0	
1539	0	
1540	0	
1541	0	
1542	0	
1543	0.0395057	
1544	0.351897	
1545	0.709711	
1546	0.867212	
1547	0.905499	
1548	0.896972	
1549	0.891403	
1550	0.898016	
1551	0.881831	
1552	0.756526	
1553	0.455621	
1554	0	
1555	0	
1556	0	
1557	0	
1558	0	
1559	0	
1560	0	
1561	0	
1562	0	
1563	0	
1564	0	
1565	0	
1566	0	
1567	0.0372433	
1568	0.346328	
1569	0.681344	
1570	0.855726	
1571	0.898016	
1572	0.88914	
1573	0.892099	
1574	0.89645	
1575	0.863209	
1576	0.730769	
1577	0.434563	
1578	0	
1579	0	
1580	0	
1581	0	
1582	0	
1583	0	
1584	0	
1585	0	
1586	0	
1587	0	
1588	0	
1589	0	
1590	0	
1591	0	
1592	0.0429864	
1593	0.356074	
1594	0.703098	
1595	0.857292	
1596	0.874869	
1597	0.868604	
1598	0.879742	
1599	0.855204	
1600	0.718065	
1601	0.678907	
1602	0.405151	
1603	0	
1604	0	
1605	0	
1606	0	
1607	0	
1608	0	
1609	0	
1610	0	
1611	0	
1612	0	
1613	0	
1614	0	
1615	0	
1616	0.0442047	
1617	0.354507	
1618	0.691438	
1619	0.847546	
1620	0.873825	
1621	0.875914	
1622	0.878698	
1623	0.884267	
1624	0.843543	
1625	0.715454	
1626	0.426384	
1627	0	
1628	0	
1629	0	
1630	0	
1631	0	
1632	0	
1633	0	
1634	0	
1635	0	
1636	0	
1637	0	
1638	0	
1639	0	
1640	0.0502959	
1641	0.360425	
1642	0.68291	
1643	0.80456	
1644	0.829273	
1645	0.727985	
1646	0.729725	
1647	0.769579	
1648	0.721023	
1649	0.553428	
1650	0.302123	
1651	0	
1652	0	
1653	0	
1654	0	
1655	0	
1656	0	
1657	0	
1658	0	
1659	0	
1660	0	
1661	0	
1662	0	
1663	0	
1664	0.0156631	
1665	0.0938044	
1666	0.207275	
1667	0.29464	
1668	0.344762	
1669	0.37835	
1670	0.455273	
1671	0.400627	
1672	0.34946	
1673	0.215454	
1674	0.143926	
1675	0	
1676	0	
1677	0	
1678	0	
1679	0	
1680	0	
1681	0	
1682	0	
1683	0	
1684	0	
1685	0	
1686	0	
1687	0	
1688	0.0435085	
1689	0.326836	
1690	0.640097	
1691	0.841629	
1692	0.860425	
1693	0.892099	
1694	0.889314	
1695	0.880265	
1696	0.846328	
1697	0.735468	
1698	0.450052	
1699	0.0922381	
1700	0	
1701	0	
1702	0	
1703	0	
1704	0	
1705	0	
1706	0	
1707	0	
1708	0	
1709	0	
1710	0	
1711	0	
1712	0.061434	
1713	0.383223	
1714	0.737731	
1715	0.865124	
1716	0.900975	
1717	0.890533	
1718	0.897842	
1719	0.876088	
1720	0.827532	
1721	0.677689	
1722	0.379394	
1723	0.0699617	
1724	0	
1725	0	
1726	0	
1727	0	
1728	0	
1729	0	
1730	0	
1731	0	
1732	0	
1733	0	
1734	0	
1735	0	
1736	0.0577793	
1737	0.360947	
1738	0.659763	
1739	0.800557	
1740	0.888096	
1741	0.881483	
1742	0.87835	
1743	0.849286	
1744	0.788375	
1745	0.66307	
1746	0.372433	
1747	0.0680473	
1748	0	
1749	0	
1750	0	
1751	0	
1752	0	
1753	0	
1754	0	
1755	0	
1756	0	
1757	0	
1758	0	
1759	0	
1760	0.0513401	
1761	0.270449	
1762	0.51079	
1763	0.671772	
1764	0.790985	
1765	0.833623	
1766	0.78646	
1767	0.740689	
1768	0.744518	
1769	0.598329	
1770	0.250261	
1771	0.0377654	
1772	0	
1773	0	
1774	0	
1775	0	
1776	0	
1777	0	
1778	0	
1779	0	
1780	0	
1781	0	
1782	0	
1783	0	
1784	0.0586495	
1785	0.369648	
1786	0.64323	
1787	0.789245	
1788	0.852419	
1789	0.850505	
1790	0.803341	
1791	0.776192	
1792	0.72607	
1793	0.568047	
1794	0.369822	
1795	0.0584755	
1796	0	
1797	0	
1798	0	
1799	0	
1800	0	
1801	0	
1802	0	
1803	0	
1804	0	
1805	0	
1806	0	
1807	0	
1808	0.0475113	
1809	0.225722	
1810	0.428298	
1811	0.609467	
1812	0.679951	
1813	0.688653	
1814	0.645493	
1815	0.613122	
1816	0.576749	
1817	0.394187	
1818	0.189871	
1819	0.0335886	
1820	0	
1821	0	
1822	0	
1823	0	
1824	0	
1825	0	
1826	0	
1827	0	
1828	0	
1829	0	
1830	0	
1831	0	
1832	0.0360251	
1833	0.196833	
1834	0.366516	
1835	0.567873	
1836	0.621824	
1837	0.690045	
1838	0.695614	
1839	0.624608	
1840	0.552036	
1841	0.435433	
1842	0.210407	
1843	0.0353289	
1844	0	
1845	0	
1846	0	
1847	0	
1848	0	
1849	0	
1850	0	
1851	0	
1852	0	
1853	0	
1854	0	
1855	0	
1856	0.0537765	
1857	0.325444	
1858	0.547511	
1859	0.672642	
1860	0.713192	
1861	0.720675	
1862	0.760703	
1863	0.819005	
1864	0.813261	
1865	0.691438	
1866	0.453881	
1867	0.105813	
1868	0	
1869	0	
1870	0	
1871	0	
1872	0	
1873	0	
1874	0	
1875	0	
1876	0	
1877	0	
1878	0	
1879	0	
1880	0.0833623	
1881	0.439958	
1882	0.699617	
1883	0.81535	
1884	0.872085	
1885	0.865472	
1886	0.863557	
1887	0.8244	
1888	0.746084	
1889	0.600592	
1890	0.391751	
1891	0.0903237	
1892	0	
1893	0	
1894	0	
1895	0	
1896	0	
1897	0	
1898	0	
1899	0	
1900	0	
1901	0	
1902	0	
1903	0	
1904	0.0861469	
1905	0.444831	
1906	0.691438	
1907	0.713366	
1908	0.757396	
1909	0.800209	
1910	0.815524	
1911	0.75322	
1912	0.726766	
1913	0.588061	
1914	0.394013	
1915	0.091716	
1916	0	
1917	0	
1918	0	
1919	0	
1920	0	
1921	0	
1922	0	
1923	0	
1924	0	
1925	0	
1926	0	
1927	0	
1928	0.0877132	
1929	0.366342	
1930	0.553603	
1931	0.645493	
1932	0.743474	
1933	0.733206	
1934	0.66307	
1935	0.643926	
1936	0.694222	
1937	0.603028	
1938	0.36669	
1939	0.0800557	
1940	0	
1941	0	
1942	0	
1943	0	
1944	0	
1945	0	
1946	0	
1947	0	
1948	0	
1949	0	
1950	0	
1951	0	
1952	0.0998956	
1953	0.422555	
1954	0.701183	
1955	0.791159	
1956	0.805952	
1957	0.75496	
1958	0.770101	
1959	0.853637	
1960	0.767838	
1961	0.664636	
1962	0.413679	
1963	0.0976331	
1964	0	
1965	0	
1966	0	
1967	0	
1968	0	
1969	0	
1970	0	
1971	0	
1972	0	
1973	0	
1974	0	
1975	0	
1976	0.10007	
1977	0.392969	
1978	0.657849	
1979	0.693874	
1980	0.705186	
1981	0.70623	
1982	0.834145	
1983	0.801079	
1984	0.78646	
1985	0.605465	
1986	0.343369	
1987	0.0777932	
1988	0	
1989	0	
1990	0	
1991	0	
1992	0	
1993	0	
1994	0	
1995	0	
1996	0	
1997	0	
1998	0	
1999	0	
2000	0.106857	
2001	0.467804	
2002	0.750261	
2003	0.868604	
2004	0.882005	
2005	0.913505	
2006	0.914027	
2007	0.911939	
2008	0.87748	
2009	0.757745	
2010	0.501914	
2011	0.128959	
2012	0	
2013	0	
2014	0	
2015	0	
2016	0	
2017	0	
2018	0	
2019	0	
2020	0	
2021	0	
2022	0	
2023	0	
2024	0.121824	
2025	0.493387	
2026	0.741211	
2027	0.864079	
2028	0.907066	
2029	0.909154	
2030	0.906718	
2031	0.87661	
2032	0.85938	
2033	0.744692	
2034	0.504525	
2035	0.135573	
2036	0	
2037	0	
2038	0	
2039	0	
2040	0	
2041	0	
2042	0	
2043	0	
2044	0	
2045	0	
2046	0	
2047	0	
2048	0.130003	
2049	0.491298	
2050	0.747825	
2051	0.863557	
2052	0.907066	
2053	0.910024	
2054	0.909502	
2055	0.908458	
2056	0.872259	
2057	0.752872	
2058	0.504351	
2059	0.138183	
2060	0	
2061	0	
2062	0	
2063	0	
2064	0	
2065	0	
2066	0	
2067	0	
2068	0	
2069	0	
2070	0	
2071	0.0010442	
2072	0.138183	
2073	0.465019	
2074	0.735816	
2075	0.888444	
2076	0.9189	
2077	0.88914	
2078	0.893317	
2079	0.878002	
2080	0.825792	
2081	0.727463	
2082	0.501218	
2083	0.136443	
2084	0	
2085	0	
2086	0	
2087	0	
2088	0	
2089	0	
2090	0	
2091	0	
2092	0	
2093	0	
2094	0	
2095	0.00174034	
2096	0.124782	
2097	0.450052	
2098	0.728159	
2099	0.853115	
2100	0.886704	
2101	0.852419	
2102	0.845458	
2103	0.840237	
2104	0.76314	
2105	0.667073	
2106	0.425687	
2107	0.108249	
2108	0	
2109	0	
2110	0	
2111	0	
2112	0	
2113	0	
2114	0	
2115	0	
2116	0	
2117	0	
2118	0	
2119	0	
2120	0.135573	
2121	0.475287	
2122	0.722242	
2123	0.844936	
2124	0.87922	
2125	0.886704	
2126	0.886704	
2127	0.884963	
2128	0.844065	
2129	0.718239	
2130	0.47842	
2131	0.127741	
2132	0	
2133	0	
2134	0	
2135	0	
2136	0	
2137	0	
2138	0	
2139	0	
2140	0	
2141	0	
2142	0	
2143	0	
2144	0.129481	
2145	0.435433	
2146	0.722068	
2147	0.849635	
2148	0.889836	
2149	0.883919	
2150	0.897146	
2151	0.877306	
2152	0.802645	
2153	0.672816	
2154	0.444483	
2155	0.12252	
2156	0	
2157	0	
2158	0	
2159	0	
2160	0	
2161	0	
2162	0	
2163	0	
2164	0	
2165	0	
2166	0	
2167	0	
2168	0.139227	
2169	0.477202	
2170	0.733554	
2171	0.863035	
2172	0.890533	
2173	0.900801	
2174	0.906544	
2175	0.902019	
2176	0.850679	
2177	0.709711	
2178	0.463627	
2179	0.13157	
2180	0	
2181	0	
2182	0	
2183	0	
2184	0	
2185	0	
2186	0	
2187	0	
2188	0	
2189	0	
2190	0	
2191	0	
2192	0.12426	
2193	0.443265	
2194	0.688131	
2195	0.861121	
2196	0.886356	
2197	0.895057	
2198	0.895057	
2199	0.890359	
2200	0.857814	
2201	0.737731	
2202	0.497215	
2203	0.144796	
2204	0	
2205	0	
2206	0	
2207	0	
2208	0	
2209	0	
2210	0	
2211	0	
2212	0	
2213	0	
2214	0	
2215	0.00243648	
2216	0.17212	
2217	0.548033	
2218	0.759485	
2219	0.842151	
2220	0.876958	
2221	0.913505	
2222	0.914201	
2223	0.90985	
2224	0.857814	
2225	0.73425	
2226	0.481726	
2227	0.139923	
2228	0	
2229	0	
2230	0	
2231	0	
2232	0	
2233	0	
2234	0	
2235	0	
2236	0	
2237	0	
2238	0	
2239	0.00278455	
2240	0.170901	
2241	0.539854	
2242	0.771145	
2243	0.885137	
2244	0.914897	
2245	0.901497	
2246	0.904281	
2247	0.863905	
2248	0.840411	
2249	0.694918	
2250	0.463453	
2251	0.137139	
2252	0	
2253	0	
2254	0	
2255	0	
2256	0	
2257	0	
2258	0	
2259	0	
2260	0	
2261	0	
2262	0	
2263	0.00400278	
2264	0.182214	
2265	0.485555	
2266	0.670031	
2267	0.766446	
2268	0.714758	
2269	0.702924	
2270	0.691263	
2271	0.73512	
2272	0.755656	
2273	0.586321	
2274	0.388792	
2275	0.135225	
2276	0	
2277	0	
2278	0	
2279	0	
2280	0	
2281	0	
2282	0	
2283	0	
2284	0	
2285	0	
2286	0	
2287	0.00504699	
2288	0.177515	
2289	0.494779	
2290	0.706927	
2291	0.854682	
2292	0.8559	
2293	0.911591	
2294	0.873825	
2295	0.837278	
2296	0.784546	
2297	0.654716	
2298	0.432823	
2299	0.115907	
2300	0	
2301	0	
2302	0	
2303	0	
2304	0	
2305	0	
2306	0	
2307	0	
2308	0	
2309	0	
2310	0	
2311	0.0066133	
2312	0.161156	
2313	0.410372	
2314	0.602854	
2315	0.658197	
2316	0.679081	
2317	0.695092	
2318	0.664984	
2319	0.621476	
2320	0.624608	
2321	0.539158	
2322	0.399234	
2323	0.121824	
2324	0	
2325	0	
2326	0	
2327	0	
2328	0	
2329	0	
2330	0	
2331	0	
2332	0	
2333	0	
2334	0	
2335	0.0066133	
2336	0.183432	
2337	0.526975	
2338	0.706404	
2339	0.821963	
2340	0.841977	
2341	0.833275	
2342	0.816568	
2343	0.861295	
2344	0.853985	
2345	0.707971	
2346	0.5	
2347	0.120606	
2348	0	
2349	0	
2350	0	
2351	0	
2352	0	
2353	0	
2354	0	
2355	0	
2356	0	
2357	0	
2358	0	
2359	0.00696136	
2360	0.197355	
2361	0.503481	
2362	0.723112	
2363	0.76488	
2364	0.736164	
2365	0.814654	
2366	0.873477	
2367	0.884267	
2368	0.8559	
2369	0.753046	
2370	0.536895	
2371	0.167247	
2372	0	
2373	0	
2374	0	
2375	0	
2376	0	
2377	0	
2378	0	
2379	0	
2380	0	
2381	0	
2382	0	
2383	0.00522102	
2384	0.184128	
2385	0.492342	
2386	0.719979	
2387	0.846328	
2388	0.889836	
2389	0.87574	
2390	0.870693	
2391	0.877654	
2392	0.819527	
2393	0.696136	
2394	0.486773	
2395	0.14236	
2396	0	
2397	0	
2398	0	
2399	0	
2400	0	
2401	0	
2402	0	
2403	0	
2404	0	
2405	0	
2406	0	
2407	0.00922381	
2408	0.209015	
2409	0.508702	
2410	0.672294	
2411	0.72607	
2412	0.852767	
2413	0.816916	
2414	0.737905	
2415	0.706927	
2416	0.689871	
2417	0.658545	
2418	0.466585	
2419	0.178559	
2420	0	
2421	0	
2422	0	
2423	0	
2424	0	
2425	0	
2426	0	
2427	0	
2428	0	
2429	0	
2430	0	
2431	0.00783153	
2432	0.211277	
2433	0.582144	
2434	0.784198	
2435	0.866516	
2436	0.88653	
2437	0.893317	
2438	0.890881	
2439	0.881309	
2440	0.839541	
2441	0.733554	
2442	0.525409	
2443	0.177863	
2444	0	
2445	0	
2446	0	
2447	0	
2448	0	
2449	0	
2450	0	
2451	0	
2452	0	
2453	0	
2454	0	
2455	0.0116603	
2456	0.228507	
2457	0.600766	
2458	0.795336	
2459	0.895405	
2460	0.91803	
2461	0.922555	
2462	0.913331	
2463	0.90985	
2464	0.87748	
2465	0.774104	
2466	0.546467	
2467	0.186042	
2468	0	
2469	0	
2470	0	
2471	0	
2472	0	
2473	0	
2474	0	
2475	0	
2476	0	
2477	0	
2478	0	
2479	0.00974591	
2480	0.199095	
2481	0.50174	
2482	0.74243	
2483	0.883745	
2484	0.900975	
2485	0.898712	
2486	0.907762	
2487	0.903933	
2488	0.849112	
2489	0.719283	
2490	0.46119	
2491	0.142534	
2492	0	
2493	0	
2494	0	
2495	0	
2496	0	
2497	0	
2498	0	
2499	0	
2500	0	
2501	0	
2502	0	
2503	0.0116603	
2504	0.224678	
2505	0.585973	
2506	0.68204	
2507	0.844065	
2508	0.927428	
2509	0.925339	
2510	0.926384	
2511	0.918204	
2512	0.887748	
2513	0.7748	
2514	0.557083	
2515	0.196485	
2516	0	
2517	0	
2518	0	
2519	0	
2520	0	
2521	0	
2522	0	
2523	0	
2524	0	
2525	0	
2526	0	
2527	0.0158371	
2528	0.25583	
2529	0.62078	
2530	0.80717	
2531	0.914375	
2532	0.92795	
2533	0.928472	
2534	0.92621	
2535	0.925513	
2536	0.894187	
2537	0.781239	
2538	0.561086	
2539	0.197529	
2540	0	
2541	0	
2542	0	
2543	0	
2544	0	
2545	0	
2546	0	
2547	0	
2548	0	
2549	0	
2550	0	
2551	0.0167073	
2552	0.252872	
2553	0.596241	
2554	0.774278	
2555	0.876436	
2556	0.905848	
2557	0.906196	
2558	0.900975	
2559	0.904629	
2560	0.874347	
2561	0.686216	
2562	0.555343	
2563	0.196485	
2564	0	
2565	0	
2566	0	
2567	0	
2568	0	
2569	0	
2570	0	
2571	0	
2572	0	
2573	0	
2574	0	
2575	0.0179255	
2576	0.258093	
2577	0.55047	
2578	0.746606	
2579	0.882353	
2580	0.907588	
2581	0.915419	
2582	0.915419	
2583	0.912113	
2584	0.867908	
2585	0.752175	
2586	0.538636	
2587	0.194744	
2588	0	
2589	0	
2590	0	
2591	0	
2592	0	
2593	0	
2594	0	
2595	0	
2596	0	
2597	0	
2598	0	
2599	0.0180995	
2600	0.250957	
2601	0.583362	
2602	0.779151	
2603	0.879742	
2604	0.910546	
2605	0.910372	
2606	0.907414	
2607	0.904455	
2608	0.86843	
2609	0.75409	
2610	0.530978	
2611	0.187957	
2612	0	
2613	0	
2614	0	
2615	0	
2616	0	
2617	0	
2618	0	
2619	0	
2620	0	
2621	0	
2622	0	
2623	0.0193178	
2624	0.250261	
2625	0.595719	
2626	0.775322	
2627	0.872607	
2628	0.894187	
2629	0.894013	
2630	0.903063	
2631	0.897146	
2632	0.860599	
2633	0.749739	
2634	0.512704	
2635	0.181518	
2636	0	
2637	0	
2638	0	
2639	0	
2640	0	
2641	0	
2642	0	
2643	0	
2644	0	
2645	0	
2646	0	
2647	0.0189697	
2648	0.239297	
2649	0.574487	
2650	0.774104	
2651	0.864601	
2652	0.871215	
2653	0.876088	
2654	0.821441	
2655	0.753742	
2656	0.67299	
2657	0.59015	
2658	0.300905	
2659	0.0903237	
2660	0	
2661	0	
2662	0	
2663	0	
2664	0	
2665	0	
2666	0	
2667	0	
2668	0	
2669	0	
2670	0.00243648	
2671	0.0266272	
2672	0.223634	
2673	0.536199	
2674	0.758093	
2675	0.857988	
2676	0.886182	
2677	0.875914	
2678	0.870693	
2679	0.753568	
2680	0.622694	
2681	0.57936	
2682	0.353985	
2683	0.100418	
2684	0	
2685	0	
2686	0	
2687	0	
2688	0	
2689	0	
2690	0	
2691	0	
2692	0	
2693	0	
2694	0.0066133	
2695	0.0281935	
2696	0.174904	
2697	0.462409	
2698	0.718587	
2699	0.859206	
2700	0.887748	
2701	0.775844	
2702	0.636095	
2703	0.544553	
2704	0.545771	
2705	0.478594	
2706	0.321093	
2707	0.113644	
2708	0	
2709	0	
2710	0	
2711	0	
2712	0	
2713	0	
2714	0	
2715	0	
2716	0	
2717	0	
2718	0	
2719	0.0245388	
2720	0.202054	
2721	0.451967	
2722	0.627219	
2723	0.758441	
2724	0.773408	
2725	0.771145	
2726	0.762792	
2727	0.740689	
2728	0.659415	
2729	0.60181	
2730	0.406196	
2731	0.165332	
2732	0	
2733	0	
2734	0	
2735	0	
2736	0	
2737	0	
2738	0	
2739	0	
2740	0	
2741	0	
2742	0	
2743	0.0161852	
2744	0.158371	
2745	0.399408	
2746	0.432127	
2747	0.437522	
2748	0.521406	
2749	0.56944	
2750	0.549252	
2751	0.532022	
2752	0.453359	
2753	0.381483	
2754	0.329099	
2755	0.124782	
2756	0	
2757	0	
2758	0	
2759	0	
2760	0	
2761	0	
2762	0	
2763	0	
2764	0	
2765	0	
2766	0	
2767	0.0328924	
2768	0.292899	
2769	0.524887	
2770	0.715454	
2771	0.792899	
2772	0.891229	
2773	0.842151	
2774	0.759659	
2775	0.761225	
2776	0.788375	
2777	0.566307	
2778	0.4504	
2779	0.170727	
2780	0	
2781	0	
2782	0	
2783	0	
2784	0	
2785	0	
2786	0	
2787	0	
2788	0	
2789	0	
2790	0	
2791	0.0363731	
2792	0.311173	
2793	0.660285	
2794	0.72433	
2795	0.89732	
2796	0.845284	
2797	0.866516	
2798	0.931257	
2799	0.931431	
2800	0.893317	
2801	0.779499	
2802	0.585799	
2803	0.242778	
2804	0	
2805	0	
2806	0	
2807	0	
2808	0	
2809	0	
2810	0	
2811	0	
2812	0	
2813	0	
2814	0	
2815	0.0400278	
2816	0.313609	
2817	0.657501	
2818	0.825618	
2819	0.906892	
2820	0.92969	
2821	0.933867	
2822	0.934041	
2823	0.922207	
2824	0.876088	
2825	0.772015	
2826	0.572746	
2827	0.237034	
2828	0	
2829	0	
2830	0	
2831	0	
2832	0	
2833	0	
2834	0	
2835	0	
2836	0	
2837	0	
2838	0	
2839	0.0431605	
2840	0.295684	
2841	0.634876	
2842	0.787504	
2843	0.89645	
2844	0.925513	
2845	0.919596	
2846	0.911069	
2847	0.904455	
2848	0.848068	
2849	0.73251	
2850	0.514271	
2851	0.188653	
2852	0	
2853	0	
2854	0	
2855	0	
2856	0	
2857	0	
2858	0	
2859	0	
2860	0	
2861	0	
2862	0	
2863	0.035503	
2864	0.265228	
2865	0.557605	
2866	0.765054	
2867	0.873477	
2868	0.90637	
2869	0.922207	
2870	0.915767	
2871	0.889836	
2872	0.822311	
2873	0.728333	
2874	0.524713	
2875	0.186739	
2876	0	
2877	0	
2878	0	
2879	0	
2880	0	
2881	0	
2882	0	
2883	0	
2884	0	
2885	0	
2886	0	
2887	0.0417682	
2888	0.292029	
2889	0.558301	
2890	0.753046	
2891	0.862339	
2892	0.891751	
2893	0.909328	
2894	0.842325	
2895	0.834842	
2896	0.828402	
2897	0.693178	
2898	0.466934	
2899	0.197877	
2900	0	
2901	0	
2902	0	
2903	0	
2904	0	
2905	0	
2906	0	
2907	0	
2908	0	
2909	0	
2910	0	
2911	0.0450748	
2912	0.320049	
2913	0.648625	
2914	0.822833	
2915	0.892795	
2916	0.905151	
2917	0.90985	
2918	0.924817	
2919	0.909502	
2920	0.867212	
2921	0.769405	
2922	0.576401	
2923	0.245562	
2924	0	
2925	0	
2926	0	
2927	0	
2928	0	
2929	0	
2930	0	
2931	0	
2932	0	
2933	0	
2934	0	
2935	0.0454229	
2936	0.255482	
2937	0.454229	
2938	0.592238	
2939	0.659937	
2940	0.768187	
2941	0.860425	
2942	0.796728	
2943	0.772189	
2944	0.747825	
2945	0.664984	
2946	0.489906	
2947	0.214236	
2948	0	
2949	0	
2950	0	
2951	0	
2952	0	
2953	0	
2954	0	
2955	0	
2956	0	
2957	0	
2958	0	
2959	0.0471632	
2960	0.305604	
2961	0.605813	
2962	0.754786	
2963	0.862339	
2964	0.901497	
2965	0.900975	
2966	0.867908	
2967	0.85851	
2968	0.765924	
2969	0.640271	
2970	0.477898	
2971	0.201009	
2972	0	
2973	0	
2974	0	
2975	0	
2976	0	
2977	0	
2978	0	
2979	0	
2980	0	
2981	0	
2982	0	
2983	0.0497738	
2984	0.302123	
2985	0.612426	
2986	0.799861	
2987	0.819527	
2988	0.855552	
2989	0.894013	
2990	0.781065	
2991	0.760703	
2992	0.686042	
2993	0.569788	
2994	0.451444	
2995	0.183258	
2996	0	
2997	0	
2998	0	
2999	0	
3000	0	
3001	0	
3002	0	
3003	0	
3004	0	
3005	0	
3006	0	
3007	0.051166	
3008	0.315524	
3009	0.612078	
3010	0.763314	
3011	0.839889	
3012	0.819701	
3013	0.832231	
3014	0.794814	
3015	0.736164	
3016	0.740863	
3017	0.655761	
3018	0.47929	
3019	0.212148	
3020	0	
3021	0	
3022	0	
3023	0	
3024	0	
3025	0	
3026	0	
3027	0	
3028	0	
3029	0	
3030	0	
3031	0.0495997	
3032	0.302819	
3033	0.592412	
3034	0.746258	
3035	0.789419	
3036	0.732684	
3037	0.718935	
3038	0.741211	
3039	0.696485	
3040	0.599722	
3041	0.478594	
3042	0.312043	
3043	0.129829	
3044	0	
3045	0	
3046	0	
3047	0	
3048	0	
3049	0	
3050	0	
3051	0	
3052	0	
3053	0	
3054	0	
3055	0.035503	
3056	0.227637	
3057	0.418726	
3058	0.517751	
3059	0.578489	
3060	0.62078	
3061	0.629481	
3062	0.647929	
3063	0.568047	
3064	0.463279	
3065	0.37661	
3066	0.22346	
3067	0.105639	
3068	0	
3069	0	
3070	0	
3071	0	
3072	0	
3073	0	
3074	0	
3075	0	
3076	0	
3077	0	
3078	0	
3079	0.0489036	
3080	0.272189	
3081	0.553777	
3082	0.728681	
3083	0.78733	
3084	0.85503	
3085	0.900627	
3086	0.810825	
3087	0.753046	
3088	0.696659	
3089	0.601984	
3090	0.468848	
3091	0.222938	
3092	0	
3093	0	
3094	0	
3095	0	
3096	0	
3097	0	
3098	0	
3099	0	
3100	0	
3101	0	
3102	0	
3103	0.0624782	
3104	0.348242	
3105	0.617995	
3106	0.810477	
3107	0.832753	
3108	0.861121	
3109	0.855552	
3110	0.918726	
3111	0.885312	
3112	0.807344	
3113	0.714062	
3114	0.560738	
3115	0.249565	
3116	0	
3117	0	
3118	0	
3119	0	
3120	0	
3121	0	
3122	0	
3123	0	
3124	0	
3125	0	
3126	0	
3127	0.0549948	
3128	0.311521	
3129	0.577271	
3130	0.760355	
3131	0.847894	
3132	0.889662	
3133	0.894709	
3134	0.874695	
3135	0.882875	
3136	0.845632	
3137	0.721023	
3138	0.538288	
3139	0.237034	
3140	0	
3141	0	
3142	0	
3143	0	
3144	0	
3145	0	
3146	0	
3147	0	
3148	0	
3149	0	
3150	0	
3151	0.0683954	
3152	0.337104	
3153	0.621302	
3154	0.777236	
3155	0.804386	
3156	0.84598	
3157	0.909328	
3158	0.902367	
3159	0.898364	
3160	0.811173	
3161	0.639053	
3162	0.551688	
3163	0.259485	
3164	0	
3165	0	
3166	0	
3167	0	
3168	0	
3169	0	
3170	0	
3171	0	
3172	0	
3173	0	
3174	0	
3175	0.0673512	
3176	0.352419	
3177	0.647059	
3178	0.802993	
3179	0.884963	
3180	0.935955	
3181	0.897842	
3182	0.863035	
3183	0.815524	
3184	0.756352	
3185	0.568221	
3186	0.361991	
3187	0.150191	
3188	0	
3189	0	
3190	0	
3191	0	
3192	0	
3193	0	
3194	0	
3195	0	
3196	0	
3197	0	
3198	0	
3199	0.0445527	
3200	0.261225	
3201	0.41977	
3202	0.59276	
3203	0.604595	
3204	0.637835	
3205	0.649669	
3206	0.605987	
3207	0.544205	
3208	0.462583	
3209	0.31883	
3210	0.16568	
3211	0.0642186	
3212	0	
3213	0	
3214	0	
3215	0	
3216	0	
3217	0	
3218	0	
3219	0	
3220	0	
3221	0	
3222	0	
3223	0.0231465	
3224	0.110164	
3225	0.227811	
3226	0.319875	
3227	0.452663	
3228	0.534633	
3229	0.502088	
3230	0.478594	
3231	0.501914	
3232	0.462409	
3233	0.434911	
3234	0.351375	
3235	0.175774	
3236	0	
3237	0	
3238	0	
3239	0	
3240	0	
3241	0	
3242	0	
3243	0	
3244	0	
3245	0	
3246	0	
3247	0.0791855	
3248	0.35764	
3249	0.6307	
3250	0.821441	
3251	0.876958	
3252	0.744518	
3253	0.809607	
3254	0.806474	
3255	0.827706	
3256	0.69457	
3257	0.587017	
3258	0.508006	
3259	0.238949	
3260	0	
3261	0	
3262	0	
3263	0	
3264	0	
3265	0	
3266	0	
3267	0	
3268	0	
3269	0	
3270	0	
3271	0.0600418	
3272	0.245388	
3273	0.566133	
3274	0.705186	
3275	0.797946	
3276	0.825096	
3277	0.85764	
3278	0.850157	
3279	0.807518	
3280	0.695788	
3281	0.562478	
3282	0.412635	
3283	0.187783	
3284	0	
3285	0	
3286	0	
3287	0	
3288	0	
3289	0	
3290	0	
3291	0	
3292	0	
3293	0	
3294	0	
3295	0.0600418	
3296	0.311695	
3297	0.49826	
3298	0.62252	
3299	0.816742	
3300	0.823703	
3301	0.783502	
3302	0.794988	
3303	0.803341	
3304	0.721545	
3305	0.644622	
3306	0.498086	
3307	0.252698	
3308	0	
3309	0	
3310	0	
3311	0	
3312	0	
3313	0	
3314	0	
3315	0	
3316	0	
3317	0	
3318	0	
3319	0.0757048	
3320	0.377132	
3321	0.633136	
3322	0.82527	
3323	0.924121	
3324	0.934389	
3325	0.941002	
3326	0.927776	
3327	0.906718	
3328	0.832231	
3329	0.722242	
3330	0.553777	
3331	0.254612	
3332	0	
3333	0	
3334	0	
3335	0	
3336	0	
3337	0	
3338	0	
3339	0	
3340	0	
3341	0	
3342	0	
3343	0.0501218	
3344	0.247128	
3345	0.490776	
3346	0.704838	
3347	0.848938	
3348	0.900801	
3349	0.907936	
3350	0.896102	
3351	0.891403	
3352	0.816742	
3353	0.743474	
3354	0.5811	
3355	0.277758	
3356	0	
3357	0	
3358	0	
3359	0	
3360	0	
3361	0	
3362	0	
3363	0	
3364	0	
3365	0	
3366	0	
3367	0.0558649	
3368	0.226592	
3369	0.463453	
3370	0.644448	
3371	0.739993	
3372	0.765228	
3373	0.737034	
3374	0.793944	
3375	0.727637	
3376	0.648277	
3377	0.514967	
3378	0.407588	
3379	0.195092	
3380	0	
3381	0	
3382	0	
3383	0	
3384	0	
3385	0	
3386	0	
3387	0	
3388	0	
3389	0	
3390	0	
3391	0.045771	
3392	0.237383	
3393	0.426906	
3394	0.54055	
3395	0.5811	
3396	0.636095	
3397	0.701706	
3398	0.698921	
3399	0.731291	
3400	0.659415	
3401	0.552906	
3402	0.442743	
3403	0.20188	
3404	0	
3405	0	
3406	0	
3407	0	
3408	0	
3409	0	
3410	0	
3411	0	
3412	0	
3413	0	
3414	0	
3415	0.0741385	
3416	0.321267	
3417	0.558649	
3418	0.719979	
3419	0.832753	
3420	0.796032	
3421	0.726592	
3422	0.761225	
3423	0.766794	
3424	0.718413	
3425	0.678385	
3426	0.565959	
3427	0.29725	
3428	0	
3429	0	
3430	0	
3431	0	
3432	0	
3433	0	
3434	0	
3435	0	
3436	0	
3437	0	
3438	0	
3439	0.0856248	
3440	0.351201	
3441	0.633484	
3442	0.781065	
3443	0.886356	
3444	0.902193	
3445	0.907588	
3446	0.882353	
3447	0.780369	
3448	0.771145	
3449	0.658719	
3450	0.581622	
3451	0.308214	
3452	0	
3453	0	
3454	0	
3455	0	
3456	0	
3457	0	
3458	0	
3459	0	
3460	0	
3461	0.00539506	
3462	0.0066133	
3463	0.0945005	
3464	0.385312	
3465	0.674904	
3466	0.81883	
3467	0.902367	
3468	0.931953	
3469	0.935607	
3470	0.937522	
3471	0.924991	
3472	0.860599	
3473	0.770101	
3474	0.602332	
3475	0.292725	
3476	0.0572572	
3477	0	
3478	0	
3479	0	
3480	0	
3481	0	
3482	0	
3483	0	
3484	0	
3485	0	
3486	0	
3487	0.0859729	
3488	0.38009	
3489	0.654368	
3490	0.780195	
3491	0.887574	
3492	0.913331	
3493	0.902193	
3494	0.867386	
3495	0.833971	
3496	0.750435	
3497	0.637661	
3498	0.440828	
3499	0.189871	
3500	0.0295858	
3501	0	
3502	0	
3503	0	
3504	0	
3505	0	
3506	0	
3507	0	
3508	0	
3509	0	
3510	0	
3511	0.0795336	
3512	0.343369	
3513	0.601114	
3514	0.784198	
3515	0.890881	
3516	0.923947	
3517	0.916116	
3518	0.928298	
3519	0.896102	
3520	0.853115	
3521	0.76575	
3522	0.606161	
3523	0.313609	
3524	0.0544727	
3525	0	
3526	0	
3527	0	
3528	0	
3529	0	
3530	0	
3531	0	
3532	0	
3533	0	
3534	0	
3535	0.096763	
3536	0.409502	
3537	0.674208	
3538	0.816394	
3539	0.89906	
3540	0.926384	
3541	0.928472	
3542	0.923251	
3543	0.897494	
3544	0.85851	
3545	0.7567	
3546	0.603376	
3547	0.314828	
3548	0.0576053	
3549	0	
3550	0	
3551	0	
3552	0	
3553	0	
3554	0	
3555	0	
3556	0	
3557	0	
3558	0	
3559	0.0950226	
3560	0.406022	
3561	0.683606	
3562	0.814828	
3563	0.900278	
3564	0.929342	
3565	0.934041	
3566	0.930038	
3567	0.898886	
3568	0.829447	
3569	0.737731	
3570	0.530282	
3571	0.266098	
3572	0.0489036	
3573	0	
3574	0	
3575	0	
3576	0	
3577	0	
3578	0	
3579	0	
3580	0	
3581	0	
3582	0.000348068	
3583	0.096937	
3584	0.385486	
3585	0.646537	
3586	0.791333	
3587	0.882527	
3588	0.918204	
3589	0.934041	
3590	0.936826	
3591	0.925513	
3592	0.870519	
3593	0.768187	
3594	0.601288	
3595	0.322833	
3596	0.0645667	
3597	0	
3598	0	
3599	0	
3600	0	
3601	0	
3602	0	
3603	0	
3604	0	
3605	0	
3606	0	
3607	0.100244	
3608	0.388444	
3609	0.616255	
3610	0.794292	
3611	0.853637	
3612	0.928124	
3613	0.93961	
3614	0.929864	
3615	0.918726	
3616	0.873999	
3617	0.727463	
3618	0.568918	
3619	0.31535	
3620	0.0621302	
3621	0	
3622	0	
3623	0	
3624	0	
3625	0	
3626	0	
3627	0	
3628	0	
3629	0	
3630	0	
3631	0.10007	
3632	0.415942	
3633	0.63331	
3634	0.753046	
3635	0.863383	
3636	0.911069	
3637	0.889662	
3638	0.902367	
3639	0.885834	
3640	0.830839	
3641	0.71267	
3642	0.557953	
3643	0.285242	
3644	0.0506439	
3645	0	
3646	0	
3647	0	
3648	0	
3649	0	
3650	0	
3651	0	
3652	0	
3653	0	
3654	0	
3655	0.100592	
3656	0.377132	
3657	0.585451	
3658	0.668987	
3659	0.808911	
3660	0.869997	
3661	0.85764	
3662	0.85764	
3663	0.863557	
3664	0.824052	
3665	0.760529	
3666	0.603724	
3667	0.317786	
3668	0.0626523	
3669	0	
3670	0	
3671	0	
3672	0	
3673	0	
3674	0	
3675	0	
3676	0	
3677	0	
3678	0	
3679	0.096763	
3680	0.396798	
3681	0.579186	
3682	0.7433	
3683	0.839889	
3684	0.782283	
3685	0.813435	
3686	0.86495	
3687	0.85938	
3688	0.775496	
3689	0.68378	
3690	0.558127	
3691	0.305604	
3692	0.0595197	
3693	0	
3694	0	
3695	0	
3696	0	
3697	0	
3698	0	
3699	0	
3700	0	
3701	0	
3702	0	
3703	0.0772711	
3704	0.312391	
3705	0.610686	
3706	0.739645	
3707	0.813958	
3708	0.850679	
3709	0.836408	
3710	0.847024	
3711	0.776192	
3712	0.706404	
3713	0.685346	
3714	0.520536	
3715	0.267838	
3716	0.0464671	
3717	0	
3718	0	
3719	0	
3720	0	
3721	0	
3722	0	
3723	0	
3724	0	
3725	0	
3726	0	
3727	0.0880613	
3728	0.380787	
3729	0.650191	
3730	0.7748	
3731	0.863731	
3732	0.894535	
3733	0.892447	
3734	0.863905	
3735	0.818308	
3736	0.770449	
3737	0.628785	
3738	0.461538	
3739	0.251827	
3740	0.0466411	
3741	0	
3742	0	
3743	0	
3744	0	
3745	0	
3746	0	
3747	0	
3748	0	
3749	0	
3750	0	
3751	0.0983293	
3752	0.392969	
3753	0.644274	
3754	0.798468	
3755	0.886182	
3756	0.904281	
3757	0.88653	
3758	0.890359	
3759	0.840585	
3760	0.742604	
3761	0.680647	
3762	0.546989	
3763	0.276366	
3764	0.0495997	
3765	0	
3766	0	
3767	0	
3768	0	
3769	0	
3770	0	
3771	0	
3772	0	
3773	0	
3774	0	
3775	0.100766	
3776	0.405151	
3777	0.669857	
3778	0.810825	
3779	0.870345	
3780	0.877654	
3781	0.938914	
3782	0.953185	
3783	0.942047	
3784	0.888966	
3785	0.785068	
3786	0.608075	
3787	0.3378	
3788	0.0723982	
3789	0	
3790	0	
3791	0	
3792	0	
3793	0	
3794	0	
3795	0	
3796	0	
3797	0	
3798	0	
3799	0.0976331	
3800	0.398016	
3801	0.653672	
3802	0.786286	
3803	0.88653	
3804	0.924817	
3805	0.911243	
3806	0.881657	
3807	0.83606	
3808	0.742778	
3809	0.62426	
3810	0.473895	
3811	0.264532	
3812	0.0591716	
3813	0	
3814	0	
3815	0	
3816	0	
3817	0	
3818	0	
3819	0	
3820	0	
3821	0	
3822	0	
3823	0.0276714	
3824	0.0934563	
3825	0.148799	
3826	0.171598	
3827	0.202924	
3828	0.286634	
3829	0.403585	
3830	0.383571	
3831	0.270623	
3832	0.229551	
3833	0.1622	
3834	0.107553	
3835	0.0384615	
3836	0	
3837	0	
3838	0	
3839	0	
3840	0	
3841	0	
3842	0	
3843	0	
3844	0	
3845	0	
3846	0	
3847	0.081448	
3848	0.330143	
3849	0.590324	
3850	0.732858	
3851	0.843195	
3852	0.871389	
3853	0.870171	
3854	0.765228	
3855	0.804908	
3856	0.665158	
3857	0.557953	
3858	0.547163	
3859	0.281935	
3860	0.0777932	
3861	0	
3862	0	
3863	0	
3864	0	
3865	0	
3866	0	
3867	0	
3868	0	
3869	0	
3870	0	
3871	0.0993735	
3872	0.404281	
3873	0.669161	
3874	0.81709	
3875	0.906718	
3876	0.934911	
3877	0.950748	
3878	0.935607	
3879	0.921337	
3880	0.85851	
3881	0.725374	
3882	0.570136	
3883	0.343717	
3884	0.0755308	
3885	0	
3886	0	
3887	0	
3888	0	
3889	0	
3890	0	
3891	0	
3892	0	
3893	0	
3894	0	
3895	0.091716	
3896	0.393491	
3897	0.607205	
3898	0.679429	
3899	0.770797	
3900	0.839889	
3901	0.848416	
3902	0.853811	
3903	0.824052	
3904	0.688305	
3905	0.578489	
3906	0.508702	
3907	0.25583	
3908	0.0480334	
3909	0	
3910	0	
3911	0	
3912	0	
3913	0	
3914	0	
3915	0	
3916	0	
3917	0	
3918	0	
3919	0.0929342	
3920	0.388792	
3921	0.655935	
3922	0.798991	
3923	0.891403	
3924	0.934389	
3925	0.926732	
3926	0.83432	
3927	0.819701	
3928	0.815698	
3929	0.713018	
3930	0.564741	
3931	0.306126	
3932	0.0630003	
3933	0	
3934	0	
3935	0	
3936	0	
3937	0	
3938	0	
3939	0	
3940	0	
3941	0	
3942	0	
3943	0.100418	
3944	0.407414	
3945	0.683954	
3946	0.825792	
3947	0.914723	
3948	0.947094	
3949	0.953881	
3950	0.94692	
3951	0.930212	
3952	0.883397	
3953	0.78733	
3954	0.630352	
3955	0.362339	
3956	0.0833623	
3957	0	
3958	0	
3959	0	
3960	0	
3961	0	
3962	0	
3963	0	
3964	0	
3965	0	
3966	0	
3967	0.10181	
3968	0.420466	
3969	0.64497	
3970	0.781935	
3971	0.882527	
3972	0.917682	
3973	0.925339	
3974	0.922729	
3975	0.901149	
3976	0.866864	
3977	0.773408	
3978	0.62165	
3979	0.353811	
3980	0.081796	
3981	0	
3982	0	
3983	0	
3984	0	
3985	0	
3986	0	
3987	0	
3988	0	
3989	0	
3990	0	
3991	0.107901	
3992	0.424121	
3993	0.656283	
3994	0.779151	
3995	0.868778	
3996	0.917682	
3997	0.919596	
3998	0.915593	
3999	0.906022	
4000	0.858336	
4001	0.760007	
4002	0.596415	
4003	0.329447	
4004	0.0793596	
4005	0	
4006	0	
4007	0	
4008	0	
4009	0	
4010	0	
4011	0	
4012	0	
4013	0	
4014	0	
4015	0.105987	
4016	0.409502	
4017	0.645667	
4018	0.772189	
4019	0.867038	
4020	0.902541	
4021	0.912983	
4022	0.906718	
4023	0.897842	
4024	0.839715	
4025	0.74243	
4026	0.588235	
4027	0.331709	
4028	0.0772711	
4029	0	
4030	0	
4031	0	
4032	0	
4033	0	
4034	0	
4035	0	
4036	0	
4037	0	
4038	0	
4039	0.104246	
4040	0.395928	
4041	0.632266	
4042	0.76401	
4043	0.852941	
4044	0.892969	
4045	0.907762	
4046	0.895754	
4047	0.867212	
4048	0.802819	
4049	0.71354	
4050	0.555865	
4051	0.321963	
4052	0.0739645	
4053	0	
4054	0	
4055	0	
4056	0	
4057	0	
4058	0	
4059	0	
4060	0	
4061	0	
4062	0	
4063	0.106335	
4064	0.392447	
4065	0.62339	
4066	0.782457	
4067	0.879046	
4068	0.91977	
4069	0.945527	
4070	0.950922	
4071	0.941525	
4072	0.892795	
4073	0.779673	
4074	0.629829	
4075	0.368082	
4076	0.0936304	
4077	0	
4078	0	
4079	0	
4080	0	
4081	0	
4082	0	
4083	0	
4084	0	
4085	0	
4086	0	
4087	0.108597	
4088	0.414723	
4089	0.682562	
4090	0.823181	
4091	0.911243	
4092	0.949182	
4093	0.955099	
4094	0.949704	
4095	0.935433	
4096	0.880613	
4097	0.776018	
4098	0.608771	
4099	0.336408	
4100	0.0791855	
4101	0	
4102	0	
4103	0	
4104	0	
4105	0	
4106	0	
4107	0	
4108	0	
4109	0	
4110	0	
4111	0.0991994	
4112	0.391403	
4113	0.659415	
4114	0.810303	
4115	0.903585	
4116	0.942221	
4117	0.947616	
4118	0.942917	
4119	0.928994	
4120	0.86756	
4121	0.75583	
4122	0.603202	
4123	0.346154	
4124	0.0849286	
4125	0	
4126	0	
4127	0	
4128	0	
4129	0	
4130	0	
4131	0	
4132	0	
4133	0	
4134	0	
4135	0.105813	
4136	0.414549	
4137	0.683606	
4138	0.824052	
4139	0.915767	
4140	0.952141	
4141	0.959102	
4142	0.957014	
4143	0.943439	
4144	0.883049	
4145	0.764706	
4146	0.598329	
4147	0.347372	
4148	0.0911939	
4149	0	
4150	0	
4151	0	
4152	0	
4153	0	
4154	0	
4155	0	
4156	0	
4157	0	
4158	0	
4159	0.100592	
4160	0.37922	
4161	0.655586	
4162	0.815524	
4163	0.888096	
4164	0.910895	
4165	0.917334	
4166	0.914897	
4167	0.905325	
4168	0.840063	
4169	0.749913	
4170	0.617647	
4171	0.334668	
4172	0.086495	
4173	0	
4174	0	
4175	0	
4176	0	
4177	0	
4178	0	
4179	0	
4180	0	
4181	0.00156631	
4182	0.00156631	
4183	0.0991994	
4184	0.403237	
4185	0.676297	
4186	0.807518	
4187	0.889836	
4188	0.941002	
4189	0.951619	
4190	0.949008	
4191	0.937696	
4192	0.865646	
4193	0.741907	
4194	0.578489	
4195	0.345806	
4196	0.0878872	
4197	0	
4198	0	
4199	0	
4200	0	
4201	0	
4202	0	
4203	0	
4204	0	
4205	0.00139227	
4206	0.00139227	
4207	0.0950226	
4208	0.36843	
4209	0.623564	
4210	0.780717	
4211	0.859903	
4212	0.89645	
4213	0.915245	
4214	0.909502	
4215	0.876436	
4216	0.800905	
4217	0.699965	
4218	0.549948	
4219	0.316916	
4220	0.0762269	
4221	0	
4222	0	
4223	0	
4224	0	
4225	0	
4226	0	
4227	0	
4228	0	
4229	0	
4230	0	
4231	0.0692656	
4232	0.264184	
4233	0.497215	
4234	0.619387	
4235	0.688827	
4236	0.734424	
4237	0.759137	
4238	0.751827	
4239	0.735816	
4240	0.671424	
4241	0.621128	
4242	0.501218	
4243	0.292203	
4244	0.0643926	
4245	0	
4246	0	
4247	0	
4248	0	
4249	0	
4250	0	
4251	0	
4252	0	
4253	0	
4254	0	
4255	0.0645667	
4256	0.266968	
4257	0.485903	
4258	0.666029	
4259	0.729377	
4260	0.731117	
4261	0.6756	
4262	0.618343	
4263	0.558824	
4264	0.471806	
4265	0.389836	
4266	0.319527	
4267	0.14236	
4268	0.0269753	
4269	0	
4270	0	
4271	0	
4272	0	
4273	0	
4274	0	
4275	0	
4276	0	
4277	0	
4278	0	
4279	0.0454229	
4280	0.179777	
4281	0.32614	
4282	0.486599	
4283	0.633832	
4284	0.625653	
4285	0.620432	
4286	0.702924	
4287	0.761051	
4288	0.65228	
4289	0.571876	
4290	0.483989	
4291	0.247651	
4292	0.0542986	
4293	0	
4294	0	
4295	0	
4296	0	
4297	0	
4298	0	
4299	0	
4300	0	
4301	0	
4302	0	
4303	0.0529064	
4304	0.245388	
4305	0.490776	
4306	0.667247	
4307	0.733728	
4308	0.741385	
4309	0.768883	
4310	0.768883	
4311	0.789071	
4312	0.759833	
4313	0.618343	
4314	0.503133	
4315	0.284894	
4316	0.07118	
4317	0	
4318	0	
4319	0	
4320	0	
4321	0	
4322	0	
4323	0	
4324	0	
4325	0	
4326	0	
4327	0.0642186	
4328	0.330665	
4329	0.594849	
4330	0.743126	
4331	0.817264	
4332	0.812391	
4333	0.735816	
4334	0.693352	
4335	0.74591	
4336	0.706578	
4337	0.628263	
4338	0.482074	
4339	0.268187	
4340	0.0631744	
4341	0	
4342	0	
4343	0	
4344	0	
4345	0	
4346	0	
4347	0	
4348	0	
4349	0	
4350	0	
4351	0.0280195	
4352	0.113644	
4353	0.197181	
4354	0.264706	
4355	0.396276	
4356	0.451096	
4357	0.524713	
4358	0.529238	
4359	0.589802	
4360	0.506613	
4361	0.379394	
4362	0.335886	
4363	0.234424	
4364	0.0445527	
4365	0	
4366	0	
4367	0	
4368	0	
4369	0	
4370	0	
4371	0	
4372	0	
4373	0	
4374	0	
4375	0.0415942	
4376	0.217717	
4377	0.455447	
4378	0.621128	
4379	0.767316	
4380	0.865124	
4381	0.905499	
4382	0.913505	
4383	0.913853	
4384	0.853637	
4385	0.763662	
4386	0.592064	
4387	0.344414	
4388	0.0770971	
4389	0	
4390	0	
4391	0	
4392	0	
4393	0	
4394	0	
4395	0	
4396	0	
4397	0	
4398	0	
4399	0.0591716	
4400	0.320397	
4401	0.594326	
4402	0.747825	
4403	0.835712	
4404	0.835364	
4405	0.816916	
4406	0.781935	
4407	0.758615	
4408	0.738253	
4409	0.613644	
4410	0.419944	
4411	0.243126	
4412	0.0551688	
4413	0	
4414	0	
4415	0	
4416	0	
4417	0	
4418	0	
4419	0	
4420	0	
4421	0	
4422	0	
4423	0.0757048	
4424	0.311173	
4425	0.543334	
4426	0.716847	
4427	0.799861	
4428	0.820397	
4429	0.863905	
4430	0.894709	
4431	0.863905	
4432	0.841455	
4433	0.768709	
4434	0.592064	
4435	0.322311	
4436	0.0784894	
4437	0	
4438	0	
4439	0	
4440	0	
4441	0	
4442	0	
4443	0	
4444	0	
4445	0	
4446	0	
4447	0.0727463	
4448	0.360077	
4449	0.64149	
4450	0.806822	
4451	0.889314	
4452	0.922729	
4453	0.931779	
4454	0.90985	
4455	0.891577	
4456	0.854507	
4457	0.76314	
4458	0.621302	
4459	0.360077	
4460	0.0845806	
4461	0	
4462	0	
4463	0	
4464	0	
4465	0	
4466	0	
4467	0	
4468	0	
4469	0	
4470	0	
4471	0.0750087	
4472	0.354507	
4473	0.638879	
4474	0.792203	
4475	0.892795	
4476	0.946397	
4477	0.959798	
4478	0.940828	
4479	0.912635	
4480	0.841107	
4481	0.728855	
4482	0.591368	
4483	0.340585	
4484	0.0824922	
4485	0	
4486	0	
4487	0	
4488	0	
4489	0	
4490	0	
4491	0	
4492	0	
4493	0	
4494	0	
4495	0.0737905	
4496	0.363731	
4497	0.656979	
4498	0.812391	
4499	0.90724	
4500	0.94953	
4501	0.958058	
4502	0.939436	
4503	0.902541	
4504	0.892969	
4505	0.789245	
4506	0.635921	
4507	0.369997	
4508	0.0880613	
4509	0	
4510	0	
4511	0	
4512	0	
4513	0	
4514	0	
4515	0	
4516	0	
4517	0	
4518	0	
4519	0.0774452	
4520	0.373129	
4521	0.66568	
4522	0.81709	
4523	0.892099	
4524	0.937	
4525	0.945005	
4526	0.935433	
4527	0.951793	
4528	0.912113	
4529	0.810999	
4530	0.642882	
4531	0.343717	
4532	0.0797076	
4533	0	
4534	0	
4535	0	
4536	0	
4537	0	
4538	0	
4539	0	
4540	0	
4541	0	
4542	0	
4543	0.0515141	
4544	0.267838	
4545	0.5315	
4546	0.750609	
4547	0.876784	
4548	0.917334	
4549	0.939436	
4550	0.924643	
4551	0.922729	
4552	0.907414	
4553	0.798468	
4554	0.630874	
4555	0.363209	
4556	0.0878872	
4557	0	
4558	0	
4559	0	
4560	0	
4561	0	
4562	0	
4563	0	
4564	0	
4565	0	
4566	0	
4567	0.0743126	
4568	0.342673	
4569	0.616429	
4570	0.73599	
4571	0.81622	
4572	0.871911	
4573	0.882875	
4574	0.873303	
4575	0.915593	
4576	0.881309	
4577	0.782283	
4578	0.638183	
4579	0.375914	
4580	0.0962409	
4581	0	
4582	0	
4583	0	
4584	0	
4585	0	
4586	0	
4587	0	
4588	0	
4589	0	
4590	0	
4591	0.0737905	
4592	0.321267	
4593	0.635225	
4594	0.799165	
4595	0.871737	
4596	0.900452	
4597	0.923251	
4598	0.895754	
4599	0.809955	
4600	0.760181	
4601	0.676993	
4602	0.536895	
4603	0.309259	
4604	0.0678733	
4605	0	
4606	0	
4607	0	
4608	0	
4609	0	
4610	0	
4611	0	
4612	0	
4613	0	
4614	0	
4615	0.0757048	
4616	0.34772	
4617	0.659241	
4618	0.820919	
4619	0.910024	
4620	0.95684	
4621	0.958754	
4622	0.936478	
4623	0.925687	
4624	0.87748	
4625	0.750435	
4626	0.621302	
4627	0.362165	
4628	0.0831883	
4629	0	
4630	0	
4631	0	
4632	0	
4633	0	
4634	0	
4635	0	
4636	0	
4637	0	
4638	0	
4639	0.0633484	
4640	0.349112	
4641	0.662548	
4642	0.817438	
4643	0.907066	
4644	0.959102	
4645	0.970066	
4646	0.967456	
4647	0.943613	
4648	0.89645	
4649	0.773582	
4650	0.564045	
4651	0.330491	
4652	0.0649147	
4653	0	
4654	0	
4655	0	
4656	0	
4657	0	
4658	0	
4659	0	
4660	0	
4661	0	
4662	0	
4663	0.0678733	
4664	0.350853	
4665	0.667595	
4666	0.824748	
4667	0.887574	
4668	0.951967	
4669	0.956143	
4670	0.962757	
4671	0.955273	
4672	0.907762	
4673	0.810999	
4674	0.650714	
4675	0.373825	
4676	0.0852767	
4677	0	
4678	0	
4679	0	
4680	0	
4681	0	
4682	0	
4683	0	
4684	0	
4685	0	
4686	0	
4687	0.0682214	
4688	0.36669	
4689	0.678211	
4690	0.833971	
4691	0.906022	
4692	0.969022	
4693	0.955099	
4694	0.970066	
4695	0.941699	
4696	0.883049	
4697	0.770623	
4698	0.656283	
4699	0.392969	
4700	0.11347	
4701	0	
4702	0	
4703	0	
4704	0	
4705	0	
4706	0	
4707	0	
4708	0	
4709	0	
4710	0	
4711	0.0652628	
4712	0.353289	
4713	0.661504	
4714	0.826662	
4715	0.923425	
4716	0.969544	
4717	0.969196	
4718	0.974243	
4719	0.967804	
4720	0.91803	
4721	0.81796	
4722	0.658893	
4723	0.37922	
4724	0.0840585	
4725	0	
4726	0	
4727	0	
4728	0	
4729	0	
4730	0	
4731	0	
4732	0	
4733	0	
4734	0	
4735	0.066307	
4736	0.356422	
4737	0.659067	
4738	0.824922	
4739	0.9189	
4740	0.966759	
4741	0.938044	
4742	0.88566	
4743	0.910546	
4744	0.804038	
4745	0.65402	
4746	0.522624	
4747	0.303341	
4748	0.0621302	
4749	0	
4750	0	
4751	0	
4752	0	
4753	0	
4754	0	
4755	0	
4756	0	
4757	0	
4758	0	
4759	0.0553428	
4760	0.288897	
4761	0.517403	
4762	0.509572	
4763	0.462931	
4764	0.452141	
4765	0.373999	
4766	0.404107	
4767	0.36582	
4768	0.323007	
4769	0.184476	
4770	0.117821	
4771	0.0544727	
4772	0.00922381	
4773	0	
4774	0	
4775	0	
4776	0	
4777	0	
4778	0	
4779	0	
4780	0	
4781	0	
4782	0	
4783	0.0285416	
4784	0.191438	
4785	0.423077	
4786	0.586147	
4787	0.642882	
4788	0.713366	
4789	0.784372	
4790	0.786286	
4791	0.552558	
4792	0.549948	
4793	0.410895	
4794	0.195092	
4795	0.112252	
4796	0.0219283	
4797	0	
4798	0	
4799	0	
4800	0	
4801	0	
4802	0	
4803	0	
4804	0	
4805	0	
4806	0	
4807	0.0240167	
4808	0.160982	
4809	0.331883	
4810	0.566307	
4811	0.698747	
4812	0.75757	
4813	0.789419	
4814	0.763488	
4815	0.72433	
4816	0.612252	
4817	0.534285	
4818	0.429864	
4819	0.229029	
4820	0.0454229	
4821	0	
4822	0	
4823	0	
4824	0	
4825	0	
4826	0	
4827	0	
4828	0	
4829	0	
4830	0	
4831	0.0464671	
4832	0.304038	
4833	0.62339	
4834	0.785068	
4835	0.894883	
4836	0.940306	
4837	0.934389	
4838	0.912461	
4839	0.859903	
4840	0.840237	
4841	0.784372	
4842	0.619213	
4843	0.333275	
4844	0.0624782	
4845	0	
4846	0	
4847	0	
4848	0	
4849	0	
4850	0	
4851	0	
4852	0	
4853	0	
4854	0	
4855	0.0483815	
4856	0.311869	
4857	0.595023	
4858	0.784894	
4859	0.893839	
4860	0.932475	
4861	0.946223	
4862	0.953011	
4863	0.920466	
4864	0.883571	
4865	0.789245	
4866	0.61086	
4867	0.333623	
4868	0.0668291	
4869	0	
4870	0	
4871	0	
4872	0	
4873	0	
4874	0	
4875	0	
4876	0	
4877	0	
4878	0	
4879	0.0546467	
4880	0.338496	
4881	0.639575	
4882	0.802993	
4883	0.923251	
4884	0.966585	
4885	0.976157	
4886	0.976505	
4887	0.954751	
4888	0.911069	
4889	0.819875	
4890	0.657849	
4891	0.36756	
4892	0.071354	
4893	0	
4894	0	
4895	0	
4896	0	
4897	0	
4898	0	
4899	0	
4900	0	
4901	0	
4902	0	
4903	0.0588235	
4904	0.344588	
4905	0.648277	
4906	0.794988	
4907	0.854856	
4908	0.919596	
4909	0.925339	
4910	0.925339	
4911	0.91977	
4912	0.834494	
4913	0.748869	
4914	0.597459	
4915	0.332231	
4916	0.0741385	
4917	0	
4918	0	
4919	0	
4920	0	
4921	0	
4922	0	
4923	0	
4924	0	
4925	0	
4926	0	
4927	0.0584755	
4928	0.342673	
4929	0.634702	
4930	0.76662	
4931	0.862861	
4932	0.946049	
4933	0.969544	
4934	0.977724	
4935	0.970066	
4936	0.907936	
4937	0.806996	
4938	0.666725	
4939	0.385137	
4940	0.0861469	
4941	0	
4942	0	
4943	0	
4944	0	
4945	0	
4946	0	
4947	0	
4948	0	
4949	0	
4950	0	
4951	0.0530804	
4952	0.341803	
4953	0.632614	
4954	0.842499	
4955	0.935607	
4956	0.973025	
4957	0.977898	
4958	0.977027	
4959	0.9685	
4960	0.928124	
4961	0.828402	
4962	0.666203	
4963	0.372781	
4964	0.0746606	
4965	0	
4966	0	
4967	0	
4968	0	
4969	0	
4970	0	
4971	0	
4972	0	
4973	0	
4974	0	
4975	0.0529064	
4976	0.340933	
4977	0.639401	
4978	0.756178	
4979	0.928298	
4980	0.973895	
4981	0.973199	
4982	0.978072	
4983	0.97111	
4984	0.92621	
4985	0.830665	
4986	0.664636	
4987	0.374173	
4988	0.0760529	
4989	0	
4990	0	
4991	0	
4992	0	
4993	0	
4994	0	
4995	0	
4996	0	
4997	0	
4998	0	
4999	0.0475113	
5000	0.318656	
5001	0.64062	
5002	0.826662	
5003	0.885486	
5004	0.95771	
5005	0.967108	
5006	0.96032	
5007	0.951793	
5008	0.908632	
5009	0.811695	
5010	0.651584	
5011	0.355204	
5012	0.0722242	
5013	0	
5014	0	
5015	0	
5016	0	
5017	0	
5018	0	
5019	0	
5020	0	
5021	0	
5022	0	
5023	0.035851	
5024	0.2882	
5025	0.546293	
5026	0.694918	
5027	0.760181	
5028	0.850679	
5029	0.844065	
5030	0.795858	
5031	0.670031	
5032	0.628437	
5033	0.500696	
5034	0.410895	
5035	0.223286	
5036	0.0395057	
5037	0	
5038	0	
5039	0	
5040	0	
5041	0	
5042	0	
5043	0	
5044	0	
5045	0	
5046	0.00365472	
5047	0.0393317	
5048	0.232684	
5049	0.408458	
5050	0.562826	
5051	0.712148	
5052	0.7748	
5053	0.757048	
5054	0.646363	
5055	0.576575	
5056	0.54873	
5057	0.500174	
5058	0.333797	
5059	0.176993	
5060	0.0231465	
5061	0	
5062	0	
5063	0	
5064	0	
5065	0	
5066	0	
5067	0	
5068	0	
5069	0	
5070	0	
5071	0.0335886	
5072	0.266272	
5073	0.581448	
5074	0.788897	
5075	0.86843	
5076	0.927776	
5077	0.915071	
5078	0.877132	
5079	0.828924	
5080	0.782457	
5081	0.678559	
5082	0.505917	
5083	0.213714	
5084	0.0274974	
5085	0	
5086	0	
5087	0	
5088	0	
5089	0	
5090	0	
5091	0	
5092	0	
5093	0	
5094	0	
5095	0.035851	
5096	0.283676	
5097	0.578663	
5098	0.763662	
5099	0.839889	
5100	0.863383	
5101	0.861991	
5102	0.825966	
5103	0.822311	
5104	0.812565	
5105	0.733554	
5106	0.586321	
5107	0.31709	
5108	0.0513401	
5109	0	
5110	0	
5111	0	
5112	0	
5113	0	
5114	0	
5115	0	
5116	0	
5117	0	
5118	0	
5119	0.0372433	
5120	0.304908	
5121	0.634006	
5122	0.814306	
5123	0.907936	
5124	0.952837	
5125	0.963975	
5126	0.962061	
5127	0.9504	
5128	0.860947	
5129	0.740515	
5130	0.546815	
5131	0.245388	
5132	0	
5133	0	
5134	0	
5135	0	
5136	0	
5137	0	
5138	0	
5139	0	
5140	0	
5141	0	
5142	0	
5143	0.0377654	
5144	0.309085	
5145	0.649669	
5146	0.823007	
5147	0.91803	
5148	0.959798	
5149	0.954751	
5150	0.956317	
5151	0.926906	
5152	0.837452	
5153	0.737383	
5154	0.603028	
5155	0.306648	
5156	0	
5157	0	
5158	0	
5159	0	
5160	0	
5161	0	
5162	0	
5163	0	
5164	0	
5165	0	
5166	0	
5167	0.0351549	
5168	0.314828	
5169	0.649843	
5170	0.744866	
5171	0.830317	
5172	0.88827	
5173	0.920814	
5174	0.92969	
5175	0.932997	
5176	0.884093	
5177	0.758615	
5178	0.607727	
5179	0.296554	
5180	0	
5181	0	
5182	0	
5183	0	
5184	0	
5185	0	
5186	0	
5187	0	
5188	0	
5189	0	
5190	0	
5191	0.0330665	
5192	0.240863	
5193	0.526801	
5194	0.686739	
5195	0.771319	
5196	0.869474	
5197	0.877654	
5198	0.860773	
5199	0.830839	
5200	0.758615	
5201	0.659763	
5202	0.414375	
5203	0.218935	
5204	0	
5205	0	
5206	0	
5207	0	
5208	0	
5209	0	
5210	0	
5211	0	
5212	0	
5213	0	
5214	0	
5215	0.0168813	
5216	0.193874	
5217	0.458754	
5218	0.597633	
5219	0.682562	
5220	0.623738	
5221	0.546989	
5222	0.497215	
5223	0.523321	
5224	0.504525	
5225	0.388096	
5226	0.257048	
5227	0.10442	
5228	0	
5229	0	
5230	0	
5231	0	
5232	0	
5233	0	
5234	0	
5235	0	
5236	0	
5237	0	
5238	0	
5239	0.0311521	
5240	0.283328	
5241	0.616081	
5242	0.812217	
5243	0.922033	
5244	0.956491	
5245	0.948312	
5246	0.976157	
5247	0.972329	
5248	0.922207	
5249	0.823355	
5250	0.650888	
5251	0.317264	
5252	0	
5253	0	
5254	0	
5255	0	
5256	0	
5257	0	
5258	0	
5259	0	
5260	0	
5261	0	
5262	0	
5263	0.0301079	
5264	0.294292	
5265	0.578663	
5266	0.82875	
5267	0.921685	
5268	0.966585	
5269	0.975287	
5270	0.975287	
5271	0.966585	
5272	0.915245	
5273	0.821267	
5274	0.633136	
5275	0.304908	
5276	0	
5277	0	
5278	0	
5279	0	
5280	0	
5281	0	
5282	0	
5283	0	
5284	0	
5285	0	
5286	0	
5287	0.0245388	
5288	0.280891	
5289	0.635399	
5290	0.817786	
5291	0.918378	
5292	0.963279	
5293	0.969196	
5294	0.959624	
5295	0.954577	
5296	0.909154	
5297	0.811869	
5298	0.626001	
5299	0.304038	
5300	0	
5301	0	
5302	0	
5303	0	
5304	0	
5305	0	
5306	0	
5307	0	
5308	0	
5309	0	
5310	0	
5311	0.0262792	
5312	0.28472	
5313	0.625131	
5314	0.80456	
5315	0.911939	
5316	0.967108	
5317	0.970762	
5318	0.972503	
5319	0.962235	
5320	0.918552	
5321	0.823181	
5322	0.628437	
5323	0.299513	
5324	0	
5325	0	
5326	0	
5327	0	
5328	0	
5329	0	
5330	0	
5331	0	
5332	0	
5333	0	
5334	0	
5335	0.0252349	
5336	0.260877	
5337	0.608597	
5338	0.815002	
5339	0.892969	
5340	0.935607	
5341	0.95771	
5342	0.959972	
5343	0.917856	
5344	0.829969	
5345	0.680299	
5346	0.525757	
5347	0.274278	
5348	0	
5349	0	
5350	0	
5351	0	
5352	0	
5353	0	
5354	0	
5355	0	
5356	0	
5357	0	
5358	0	
5359	0.0208841	
5360	0.253046	
5361	0.607727	
5362	0.816742	
5363	0.925339	
5364	0.96937	
5365	0.972851	
5366	0.972329	
5367	0.958058	
5368	0.914027	
5369	0.81622	
5370	0.626175	
5371	0.29551	
5372	0	
5373	0	
5374	0	
5375	0	
5376	0	
5377	0	
5378	0	
5379	0	
5380	0	
5381	0	
5382	0	
5383	0.0189697	
5384	0.244344	
5385	0.564393	
5386	0.75322	
5387	0.904281	
5388	0.947268	
5389	0.934041	
5390	0.905499	
5391	0.89645	
5392	0.813435	
5393	0.717891	
5394	0.530282	
5395	0.24591	
5396	0	
5397	0	
5398	0	
5399	0	
5400	0	
5401	0	
5402	0	
5403	0	
5404	0	
5405	0	
5406	0	
5407	0.0147929	
5408	0.257745	
5409	0.617473	
5410	0.802819	
5411	0.915942	
5412	0.963453	
5413	0.950748	
5414	0.894013	
5415	0.891229	
5416	0.867212	
5417	0.776888	
5418	0.574313	
5419	0.244692	
5420	0	
5421	0	
5422	0	
5423	0	
5424	0	
5425	0	
5426	0	
5427	0	
5428	0	
5429	0	
5430	0	
5431	0.0207101	
5432	0.268013	
5433	0.615733	
5434	0.800035	
5435	0.922207	
5436	0.966759	
5437	0.974243	
5438	0.972851	
5439	0.955795	
5440	0.888444	
5441	0.772537	
5442	0.572398	
5443	0.243474	
5444	0	
5445	0	
5446	0	
5447	0	
5448	0	
5449	0	
5450	0	
5451	0	
5452	0	
5453	0	
5454	0	
5455	0.0224504	
5456	0.25496	
5457	0.615211	
5458	0.79377	
5459	0.90985	
5460	0.959624	
5461	0.969892	
5462	0.962409	
5463	0.950226	
5464	0.895928	
5465	0.779151	
5466	0.574313	
5467	0.243126	
5468	0	
5469	0	
5470	0	
5471	0	
5472	0	
5473	0	
5474	0	
5475	0	
5476	0	
5477	0	
5478	0	
5479	0.0191438	
5480	0.249565	
5481	0.608945	
5482	0.807518	
5483	0.901845	
5484	0.946746	
5485	0.96032	
5486	0.940306	
5487	0.928994	
5488	0.880265	
5489	0.78385	
5490	0.556561	
5491	0.215628	
5492	0	
5493	0	
5494	0	
5495	0	
5496	0	
5497	0	
5498	0	
5499	0	
5500	0	
5501	0	
5502	0	
5503	0.0149669	
5504	0.234946	
5505	0.579011	
5506	0.746258	
5507	0.819701	
5508	0.865124	
5509	0.910895	
5510	0.90637	
5511	0.91629	
5512	0.89732	
5513	0.772189	
5514	0.576053	
5515	0.23425	
5516	0	
5517	0	
5518	0	
5519	0	
5520	0	
5521	0	
5522	0	
5523	0	
5524	0	
5525	0	
5526	0	
5527	0.0161852	
5528	0.208145	
5529	0.501914	
5530	0.685694	
5531	0.816046	
5532	0.841977	
5533	0.856422	
5534	0.913157	
5535	0.937522	
5536	0.903411	
5537	0.792551	
5538	0.580752	
5539	0.23512	
5540	0	
5541	0	
5542	0	
5543	0	
5544	0	
5545	0	
5546	0	
5547	0	
5548	0	
5549	0	
5550	0	
5551	0.020362	
5552	0.246258	
5553	0.594152	
5554	0.790463	
5555	0.91716	
5556	0.974591	
5557	0.98921	
5558	0.986773	
5559	0.974765	
5560	0.914549	
5561	0.798468	
5562	0.5811	
5563	0.233032	
5564	0	
5565	0	
5566	0	
5567	0	
5568	0	
5569	0	
5570	0	
5571	0	
5572	0	
5573	0	
5574	0	
5575	0.0182736	
5576	0.24678	
5577	0.602332	
5578	0.804908	
5579	0.923773	
5580	0.972851	
5581	0.993387	
5582	0.992342	
5583	0.97929	
5584	0.917856	
5585	0.794466	
5586	0.564915	
5587	0.21441	
5588	0	
5589	0	
5590	0	
5591	0	
5592	0	
5593	0	
5594	0	
5595	0	
5596	0	
5597	0	
5598	0	
5599	0.0167073	
5600	0.24243	
5601	0.621824	
5602	0.840237	
5603	0.950052	
5604	0.99182	
5605	0.994257	
5606	0.993039	
5607	0.978594	
5608	0.923599	
5609	0.806996	
5610	0.591368	
5611	0.229203	
5612	0	
5613	0	
5614	0	
5615	0	
5616	0	
5617	0	
5618	0	
5619	0	
5620	0	
5621	0	
5622	0	
5623	0.0175774	
5624	0.251479	
5625	0.634876	
5626	0.840411	
5627	0.944657	
5628	0.98103	
5629	0.984337	
5630	0.988514	
5631	0.977027	
5632	0.9189	
5633	0.800383	
5634	0.584581	
5635	0.226592	
5636	0	
5637	0	
5638	0	
5639	0	
5640	0	
5641	0	
5642	0	
5643	0	
5644	0	
5645	0	
5646	0	
5647	0.0132266	
5648	0.233728	
5649	0.591542	
5650	0.80717	
5651	0.920118	
5652	0.969718	
5653	0.966411	
5654	0.970066	
5655	0.934911	
5656	0.870171	
5657	0.719979	
5658	0.516011	
5659	0.198747	
5660	0	
5661	0	
5662	0	
5663	0	
5664	0	
5665	0	
5666	0	
5667	0	
5668	0	
5669	0	
5670	0	
5671	0.0071354	
5672	0.1307	
5673	0.310477	
5674	0.445179	
5675	0.51079	
5676	0.545075	
5677	0.549948	
5678	0.534285	
5679	0.603202	
5680	0.53881	
5681	0.434389	
5682	0.304212	
5683	0.139749	
5684	0	
5685	0	
5686	0	
5687	0	
5688	0	
5689	0	
5690	0	
5691	0	
5692	0	
5693	0	
5694	0	
5695	0.00904977	
5696	0.164288	
5697	0.464845	
5698	0.684998	
5699	0.800731	
5700	0.867386	
5701	0.916116	
5702	0.936478	
5703	0.941351	
5704	0.89645	
5705	0.716847	
5706	0.504177	
5707	0.218065	
5708	0	
5709	0	
5710	0	
5711	0	
5712	0	
5713	0	
5714	0	
5715	0	
5716	0	
5717	0	
5718	0	
5719	0.0107901	
5720	0.198921	
5721	0.494083	
5722	0.747651	
5723	0.900452	
5724	0.978246	
5725	0.970936	
5726	0.91629	
5727	0.858162	
5728	0.766794	
5729	0.680647	
5730	0.496867	
5731	0.191263	
5732	0	
5733	0	
5734	0	
5735	0	
5736	0	
5737	0	
5738	0	
5739	0	
5740	0	
5741	0	
5742	0	
5743	0.010268	
5744	0.224156	
5745	0.585103	
5746	0.798991	
5747	0.903237	
5748	0.895405	
5749	0.944483	
5750	0.948834	
5751	0.902541	
5752	0.828228	
5753	0.721719	
5754	0.514271	
5755	0.183258	
5756	0	
5757	0	
5758	0	
5759	0	
5760	0	
5761	0	
5762	0	
5763	0	
5764	0	
5765	0	
5766	0	
5767	0.0106161	
5768	0.238775	
5769	0.626871	
5770	0.843369	
5771	0.944657	
5772	0.981204	
5773	0.979464	
5774	0.959102	
5775	0.930386	
5776	0.877654	
5777	0.74591	
5778	0.539332	
5779	0.179429	
5780	0	
5781	0	
5782	0	
5783	0	
5784	0	
5785	0	
5786	0	
5787	0	
5788	0	
5789	0	
5790	0	
5791	0.0107901	
5792	0.210407	
5793	0.586843	
5794	0.832753	
5795	0.928298	
5796	0.96937	
5797	0.985903	
5798	0.976331	
5799	0.976331	
5800	0.912809	
5801	0.784894	
5802	0.540202	
5803	0.170553	
5804	0	
5805	0	
5806	0	
5807	0	
5808	0	
5809	0	
5810	0	
5811	0	
5812	0	
5813	0	
5814	0	
5815	0.0113122	
5816	0.233728	
5817	0.605465	
5818	0.783153	
5819	0.906022	
5820	0.957884	
5821	0.979986	
5822	0.982771	
5823	0.962931	
5824	0.907936	
5825	0.787678	
5826	0.555691	
5827	0.18204	
5828	0	
5829	0	
5830	0	
5831	0	
5832	0	
5833	0	
5834	0	
5835	0	
5836	0	
5837	0	
5838	0	
5839	0.0130526	
5840	0.223286	
5841	0.601114	
5842	0.825096	
5843	0.90898	
5844	0.961887	
5845	0.920989	
5846	0.916638	
5847	0.857988	
5848	0.807518	
5849	0.697703	
5850	0.420292	
5851	0.109467	
5852	0	
5853	0	
5854	0	
5855	0	
5856	0	
5857	0	
5858	0	
5859	0	
5860	0	
5861	0	
5862	0	
5863	0.00957188	
5864	0.214758	
5865	0.558824	
5866	0.757222	
5867	0.89558	
5868	0.957884	
5869	0.962583	
5870	0.952141	
5871	0.93056	
5872	0.847372	
5873	0.722068	
5874	0.489384	
5875	0.148103	
5876	0	
5877	0	
5878	0	
5879	0	
5880	0	
5881	0	
5882	0	
5883	0	
5884	0	
5885	0	
5886	0	
5887	0.00783153	
5888	0.222938	
5889	0.607205	
5890	0.841107	
5891	0.934389	
5892	0.988688	
5893	1	
5894	0.993213	
5895	0.983815	
5896	0.917682	
5897	0.780021	
5898	0.541072	
5899	0.166377	
5900	0	
5901	0	
5902	0	
5903	0	
5904	0	
5905	0	
5906	0	
5907	0	
5908	0	
5909	0	
5910	0	
5911	0.0071354	
5912	0.213888	
5913	0.600592	
5914	0.840063	
5915	0.95771	
5916	0.969718	
5917	0.983641	
5918	0.974417	
5919	0.950922	
5920	0.89819	
5921	0.731639	
5922	0.515141	
5923	0.156631	
5924	0	
5925	0	
5926	0	
5927	0	
5928	0	
5929	0	
5930	0	
5931	0	
5932	0	
5933	0	
5934	0	
5935	0.00748347	
5936	0.219631	
5937	0.625305	
5938	0.858684	
5939	0.966237	
5940	0.983641	
5941	0.985729	
5942	0.962757	
5943	0.951096	
5944	0.853463	
5945	0.718587	
5946	0.485381	
5947	0.142882	
5948	0	
5949	0	
5950	0	
5951	0	
5952	0	
5953	0	
5954	0	
5955	0	
5956	0	
5957	0	
5958	0	
5959	0.0066133	
5960	0.204838	
5961	0.580752	
5962	0.77306	
5963	0.900975	
5964	0.936304	
5965	0.937348	
5966	0.941351	
5967	0.919248	
5968	0.862687	
5969	0.738427	
5970	0.475983	
5971	0.139575	
5972	0	
5973	0	
5974	0	
5975	0	
5976	0	
5977	0	
5978	0	
5979	0	
5980	0	
5981	0	
5982	0	
5983	0.00539506	
5984	0.19283	
5985	0.553603	
5986	0.788026	
5987	0.904803	
5988	0.956317	
5989	0.963801	
5990	0.906022	
5991	0.873999	
5992	0.787156	
5993	0.636791	
5994	0.453533	
5995	0.124782	
5996	0	
5997	0	
5998	0	
5999	0	
6000	0	
6001	0	
6002	0	
6003	0	
6004	0	
6005	0	
6006	0	
6007	0.00348068	
6008	0.190915	
6009	0.561434	
6010	0.786634	
6011	0.911069	
6012	0.951444	
6013	0.962061	
6014	0.947616	
6015	0.831883	
6016	0.698747	
6017	0.514793	
6018	0.358684	
6019	0.0936304	
6020	0	
6021	0	
6022	0	
6023	0	
6024	0	
6025	0	
6026	0	
6027	0	
6028	0	
6029	0	
6030	0	
6031	0.000522102	
6032	0.126697	
6033	0.405151	
6034	0.574835	
6035	0.652628	
6036	0.717717	
6037	0.742778	
6038	0.599199	
6039	0.520884	
6040	0.444135	
6041	0.328228	
6042	0.210581	
6043	0.056213	
6044	0	
6045	0	
6046	0	
6047	0	
6048	0	
6049	0	
6050	0	
6051	0	
6052	0	
6053	0	
6054	0	
6055	0	
6056	0.096937	
6057	0.318134	
6058	0.486425	
6059	0.636443	
6060	0.698399	
6061	0.732336	
6062	0.734076	
6063	0.718587	
6064	0.683258	
6065	0.554125	
6066	0.330317	
6067	0.066133	
6068	0	
6069	0	
6070	0	
6071	0	
6072	0	
6073	0	
6074	0	
6075	0	
6076	0	
6077	0	
6078	0	
6079	0.00156631	
6080	0.133658	
6081	0.441525	
6082	0.652976	
6083	0.790463	
6084	0.830491	
6085	0.875566	
6086	0.903759	
6087	0.876784	
6088	0.77741	
6089	0.611034	
6090	0.372433	
6091	0.086669	
6092	0	
6093	0	
6094	0	
6095	0	
6096	0	
6097	0	
6098	0	
6099	0	
6100	0	
6101	0	
6102	0	
6103	0.00156631	
6104	0.116429	
6105	0.348938	
6106	0.592238	
6107	0.710059	
6108	0.715802	
6109	0.732684	
6110	0.704664	
6111	0.580056	
6112	0.484859	
6113	0.362339	
6114	0.183954	
6115	0.045771	
6116	0	
6117	0	
6118	0	
6119	0	
6120	0	
6121	0	
6122	0	
6123	0	
6124	0	
6125	0	
6126	0.00835364	
6127	0.0121824	
6128	0.153498	
6129	0.450922	
6130	0.686216	
6131	0.802993	
6132	0.831883	
6133	0.822833	
6134	0.821441	
6135	0.756874	
6136	0.738427	
6137	0.642012	
6138	0.419944	
6139	0.104943	
6140	0	
6141	0	
6142	0	
6143	0	
6144	0	
6145	0	
6146	0	
6147	0	
6148	0	
6149	0	
6150	0	
6151	0.00139227	
6152	0.134702	
6153	0.370867	
6154	0.574835	
6155	0.678385	
6156	0.741037	
6157	0.748521	
6158	0.683258	
6159	0.642186	
6160	0.549774	
6161	0.503481	
6162	0.302123	
6163	0.0694396	
6164	0	
6165	0	
6166	0	
6167	0	
6168	0	
6169	0	
6170	0	
6171	0	
6172	0	
6173	0	
6174	0	
6175	0	
6176	0.105291	
6177	0.440306	
6178	0.6756	
6179	0.749739	
6180	0.818482	
6181	0.838148	
6182	0.761225	
6183	0.718239	
6184	0.594849	
6185	0.539854	
6186	0.350853	
6187	0.0690915	
6188	0	
6189	0	
6190	0	
6191	0	
6192	0	
6193	0	
6194	0	
6195	0	
6196	0	
6197	0	
6198	0	
6199	0.00174034	
6200	0.183432	
6201	0.559172	
6202	0.834494	
6203	0.955099	
6204	0.975287	
6205	0.967804	
6206	0.970066	
6207	0.969892	
6208	0.92064	
6209	0.78472	
6210	0.4819	
6211	0.101462	
6212	0	
6213	0	
6214	0	
6215	0	
6216	0	
6217	0	
6218	0	
6219	0	
6220	0	
6221	0	
6222	0.00278455	
6223	0.00835364	
6224	0.213192	
6225	0.628785	
6226	0.808214	
6227	0.942569	
6228	0.913157	
6229	0.939958	
6230	0.982074	
6231	0.996867	
6232	0.939088	
6233	0.799165	
6234	0.474417	
6235	0.0913679	
6236	0	
6237	0	
6238	0	
6239	0	
6240	0	
6241	0	
6242	0	
6243	0	
6244	0	
6245	0	
6246	0	
6247	0.00348068	
6248	0.200313	
6249	0.623912	
6250	0.867038	
6251	0.971284	
6252	0.988862	
6253	0.985555	
6254	0.987644	
6255	0.987644	
6256	0.923773	
6257	0.77741	
6258	0.464149	
6259	0.0904977	
6260	0	
6261	0	
6262	0	
6263	0	
6264	0	
6265	0	
6266	0	
6267	0	
6268	0	
6269	0	
6270	0	
6271	0.00226244	
6272	0.194744	
6273	0.608249	
6274	0.849983	
6275	0.950052	
6276	0.975635	
6277	0.975287	
6278	0.975635	
6279	0.960494	
6280	0.89645	
6281	0.748869	
6282	0.439088	
6283	0	
6284	0	
6285	0	
6286	0	
6287	0	
6288	0	
6289	0	
6290	0	
6291	0	
6292	0	
6293	0	
6294	0	
6295	0.00208841	
6296	0.182388	
6297	0.589105	
6298	0.819179	
6299	0.935259	
6300	0.961538	
6301	0.957884	
6302	0.962409	
6303	0.950748	
6304	0.8874	
6305	0.743648	
6306	0.429342	
6307	0	
6308	0	
6309	0	
6310	0	
6311	0	
6312	0	
6313	0	
6314	0	
6315	0	
6316	0	
6317	0	
6318	0	
6319	0.000522102	
6320	0.115037	
6321	0.421163	
6322	0.592586	
6323	0.662374	
6324	0.698747	
6325	0.688479	
6326	0.66568	
6327	0.631918	
6328	0.551688	
6329	0.429342	
6330	0.229725	
6331	0	
6332	0	
6333	0	
6334	0	
6335	0	
6336	0	
6337	0	
6338	0	
6339	0	
6340	0	
6341	0	
6342	0	
6343	0	
6344	0.104943	
6345	0.394883	
6346	0.581448	
6347	0.722242	
6348	0.822833	
6349	0.860773	
6350	0.901671	
6351	0.910024	
6352	0.797772	
6353	0.692656	
6354	0.388966	
6355	0	
6356	0	
6357	0	
6358	0	
6359	0	
6360	0	
6361	0	
6362	0	
6363	0	
6364	0	
6365	0	
6366	0	
6367	0.00191438	
6368	0.170553	
6369	0.545945	
6370	0.802297	
6371	0.910198	
6372	0.938566	
6373	0.938914	
6374	0.935085	
6375	0.953533	
6376	0.889488	
6377	0.741559	
6378	0.415942	
6379	0	
6380	0	
6381	0	
6382	0	
6383	0	
6384	0	
6385	0	
6386	0	
6387	0	
6388	0	
6389	0	
6390	0.030456	
6391	0	
6392	0.149147	
6393	0.530282	
6394	0.801427	
6395	0.922033	
6396	0.958406	
6397	0.95945	
6398	0.96119	
6399	0.933345	
6400	0.861469	
6401	0.698225	
6402	0.364601	
6403	0	
6404	0	
6405	0	
6406	0	
6407	0	
6408	0	
6409	0	
6410	0	
6411	0	
6412	0	
6413	0	
6414	0	
6415	0.000870171	
6416	0.160285	
6417	0.534807	
6418	0.79638	
6419	0.904977	
6420	0.914723	
6421	0.919944	
6422	0.932823	
6423	0.902715	
6424	0.820397	
6425	0.685172	
6426	0.364253	
6427	0	
6428	0	
6429	0	
6430	0	
6431	0	
6432	0	
6433	0	
6434	0	
6435	0	
6436	0	
6437	0	
6438	0	
6439	0.000174034	
6440	0.158545	
6441	0.541768	
6442	0.789245	
6443	0.905325	
6444	0.937174	
6445	0.934215	
6446	0.926384	
6447	0.895231	
6448	0.835538	
6449	0.664288	
6450	0.348938	
6451	0	
6452	0	
6453	0	
6454	0	
6455	0	
6456	0	
6457	0	
6458	0	
6459	0	
6460	0	
6461	0	
6462	0	
6463	0.000174034	
6464	0.163244	
6465	0.542812	
6466	0.771493	
6467	0.882527	
6468	0.910198	
6469	0.909154	
6470	0.891229	
6471	0.848068	
6472	0.689697	
6473	0.506613	
6474	0.246084	
6475	0	
6476	0	
6477	0	
6478	0	
6479	0	
6480	0	
6481	0	
6482	0	
6483	0	
6484	0	
6485	0	
6486	0	
6487	0.000696136	
6488	0.111208	
6489	0.380613	
6490	0.646015	
6491	0.792725	
6492	0.826836	
6493	0.83519	
6494	0.827184	
6495	0.799687	
6496	0.734772	
6497	0.603724	
6498	0.31883	
6499	0	
6500	0	
6501	0	
6502	0	
6503	0	
6504	0	
6505	0	
6506	0	
6507	0	
6508	0	
6509	0	
6510	0	
6511	0.000696136	
6512	0.153672	
6513	0.531326	
6514	0.791159	
6515	0.898538	
6516	0.936129	
6517	0.924643	
6518	0.913331	
6519	0.87574	
6520	0.816394	
6521	0.662548	
6522	0.30804	
6523	0	
6524	0	
6525	0	
6526	0	
6527	0	
6528	0	
6529	0	
6530	0	
6531	0	
6532	0	
6533	0	
6534	0	
6535	0.000522102	
6536	0.140446	
6537	0.499478	
6538	0.748869	
6539	0.854507	
6540	0.878524	
6541	0.900801	
6542	0.910024	
6543	0.902541	
6544	0.824748	
6545	0.66307	
6546	0.316742	
6547	0	
6548	0	
6549	0	
6550	0	
6551	0	
6552	0	
6553	0	
6554	0	
6555	0	
6556	0	
6557	0	
6558	0	
6559	0	
6560	0.139923	
6561	0.397146	
6562	0.671424	
6563	0.841107	
6564	0.895928	
6565	0.926036	
6566	0.929864	
6567	0.860425	
6568	0.779499	
6569	0.576749	
6570	0.290985	
6571	0	
6572	0	
6573	0	
6574	0	
6575	0	
6576	0	
6577	0	
6578	0	
6579	0	
6580	0	
6581	0	
6582	0	
6583	0	
6584	0.155935	
6585	0.55952	
6586	0.853463	
6587	0.963453	
6588	0.980334	
6589	0.968674	
6590	0.968152	
6591	0.961712	
6592	0.892621	
6593	0.717891	
6594	0.335016	
6595	0	
6596	0	
6597	0	
6598	0	
6599	0	
6600	0	
6601	0	
6602	0	
6603	0	
6604	0	
6605	0	
6606	0	
6607	0	
6608	0.148973	
6609	0.559868	
6610	0.834842	
6611	0.941002	
6612	0.964497	
6613	0.95945	
6614	0.959102	
6615	0.945875	
6616	0.869648	
6617	0.693526	
6618	0.30717	
6619	0	
6620	0	
6621	0	
6622	0	
6623	0	
6624	0	
6625	0	
6626	0	
6627	0	
6628	0	
6629	0	
6630	0	
6631	0	
6632	0.0849286	
6633	0.363035	
6634	0.474591	
6635	0.595197	
6636	0.705882	
6637	0.783153	
6638	0.786286	
6639	0.715802	
6640	0.610512	
6641	0.493039	
6642	0.203272	
6643	0	
6644	0	
6645	0	
6646	0	
6647	0	
6648	0	
6649	0	
6650	0	
6651	0	
6652	0	
6653	0	
6654	0	
6655	0	
6656	0.0924121	
6657	0.37748	
6658	0.62078	
6659	0.714062	
6660	0.709015	
6661	0.687957	
6662	0.624086	
6663	0.519492	
6664	0.374347	
6665	0.298817	
6666	0.1441	
6667	0	
6668	0	
6669	0	
6670	0	
6671	0	
6672	0	
6673	0	
6674	0	
6675	0	
6676	0	
6677	0	
6678	0	
6679	0	
6680	0.104769	
6681	0.455969	
6682	0.717021	
6683	0.821441	
6684	0.895754	
6685	0.892969	
6686	0.903411	
6687	0.881831	
6688	0.747302	
6689	0.583014	
6690	0.252698	
6691	0	
6692	0	
6693	0	
6694	0	
6695	0	
6696	0	
6697	0	
6698	0	
6699	0	
6700	0	
6701	0	
6702	0	
6703	0	
6704	0.135573	
6705	0.532196	
6706	0.805082	
6707	0.867386	
6708	0.911765	
6709	0.903933	
6710	0.895754	
6711	0.87922	
6712	0.824226	
6713	0.64236	
6714	0.272537	
6715	0	
6716	0	
6717	0	
6718	0	
6719	0	
6720	0	
6721	0	
6722	0	
6723	0	
6724	0	
6725	0	
6726	0	
6727	0	
6728	0.0981552	
6729	0.409502	
6730	0.701532	
6731	0.851897	
6732	0.90637	
6733	0.872259	
6734	0.882701	
6735	0.869822	
6736	0.783502	
6737	0.583536	
6738	0.212844	
6739	0	
6740	0	
6741	0	
6742	0	
6743	0	
6744	0	
6745	0	
6746	0	
6747	0	
6748	0	
6749	0	
6750	0	
6751	0	
6752	0.128959	
6753	0.522798	
6754	0.800905	
6755	0.918552	
6756	0.919422	
6757	0.889662	
6758	0.911069	
6759	0.92621	
6760	0.850331	
6761	0.658719	
6762	0.262443	
6763	0	
6764	0	
6765	0	
6766	0	
6767	0	
6768	0	
6769	0	
6770	0	
6771	0	
6772	0	
6773	0	
6774	0	
6775	0	
6776	0.100244	
6777	0.454055	
6778	0.69544	
6779	0.792899	
6780	0.850853	
6781	0.847198	
6782	0.848242	
6783	0.876436	
6784	0.79812	
6785	0.60442	
6786	0.236512	
6787	0	
6788	0	
6789	0	
6790	0	
6791	0	
6792	0	
6793	0	
6794	0	
6795	0	
6796	0	
6797	0	
6798	0	
6799	0	
6800	0.113818	
6801	0.50174	
6802	0.784894	
6803	0.895057	
6804	0.922207	
6805	0.918726	
6806	0.915593	
6807	0.889836	
6808	0.80543	
6809	0.592064	
6810	0.225722	
6811	0	
6812	0	
6813	0	
6814	0	
6815	0	
6816	0	
6817	0	
6818	0	
6819	0	
6820	0	
6821	0	
6822	0	
6823	0	
6824	0.0873651	
6825	0.40637	
6826	0.667943	
6827	0.780891	
6828	0.802471	
6829	0.856944	
6830	0.822137	
6831	0.750609	
6832	0.68465	
6833	0.515141	
6834	0.168291	
6835	0	
6836	0	
6837	0	
6838	0	
6839	0	
6840	0	
6841	0	
6842	0	
6843	0	
6844	0	
6845	0	
6846	0	
6847	0.000522102	
6848	0.0934563	
6849	0.414027	
6850	0.721719	
6851	0.846676	
6852	0.88653	
6853	0.886356	
6854	0.882353	
6855	0.825444	
6856	0.752523	
6857	0.539854	
6858	0.180821	
6859	0	
6860	0	
6861	0	
6862	0	
6863	0	
6864	0	
6865	0	
6866	0	
6867	0	
6868	0	
6869	0	
6870	0	
6871	0	
6872	0.0760529	
6873	0.311347	
6874	0.520014	
6875	0.671946	
6876	0.706056	
6877	0.666725	
6878	0.638009	
6879	0.598851	
6880	0.474591	
6881	0.306474	
6882	0.106335	
6883	0	
6884	0	
6885	0	
6886	0	
6887	0	
6888	0	
6889	0	
6890	0	
6891	0	
6892	0	
6893	0	
6894	0	
6895	0	
6896	0.0506439	
6897	0.241385	
6898	0.391925	
6899	0.536547	
6900	0.644274	
6901	0.700487	
6902	0.568743	
6903	0.389836	
6904	0.314828	
6905	0.240167	
6906	0.0755308	
6907	0	
6908	0	
6909	0	
6910	0	
6911	0	
6912	0	
6913	0	
6914	0	
6915	0	
6916	0	
6917	0	
6918	0	
6919	0	
6920	0.0595197	
6921	0.339889	
6922	0.564741	
6923	0.684998	
6924	0.591368	
6925	0.618865	
6926	0.591194	
6927	0.528194	
6928	0.39558	
6929	0.270275	
6930	0.112252	
6931	0	
6932	0	
6933	0	
6934	0	
6935	0	
6936	0	
6937	0	
6938	0	
6939	0	
6940	0	
6941	0	
6942	0	
6943	0.000348068	
6944	0.0718761	
6945	0.364253	
6946	0.630526	
6947	0.744518	
6948	0.839367	
6949	0.860599	
6950	0.863209	
6951	0.810999	
6952	0.742604	
6953	0.499652	
6954	0.14323	
6955	0	
6956	0	
6957	0	
6958	0	
6959	0	
6960	0	
6961	0	
6962	0	
6963	0	
6964	0	
6965	0	
6966	0	
6967	0	
6968	0.0449008	
6969	0.230943	
6970	0.441873	
6971	0.584755	
6972	0.668813	
6973	0.697529	
6974	0.733206	
6975	0.693874	
6976	0.627393	
6977	0.448486	
6978	0.143752	
6979	0	
6980	0	
6981	0	
6982	0	
6983	0	
6984	0	
6985	0	
6986	0	
6987	0	
6988	0	
6989	0	
6990	0	
6991	0	
6992	0.0758789	
6993	0.38914	
6994	0.647581	
6995	0.733206	
6996	0.789419	
6997	0.751479	
6998	0.774278	
6999	0.690045	
7000	0.548207	
7001	0.399408	
7002	0.119387	
7003	0	
7004	0	
7005	0	
7006	0	
7007	0	
7008	0	
7009	0	
7010	0	
7011	0	
7012	0	
7013	0	
7014	0	
7015	0	
7016	0.0697877	
7017	0.395928	
7018	0.718239	
7019	0.854507	
7020	0.888096	
7021	0.871563	
7022	0.88827	
7023	0.791507	
7024	0.734076	
7025	0.483641	
7026	0.146711	
7027	0	
7028	0	
7029	0	
7030	0	
7031	0	
7032	0	
7033	0	
7034	0	
7035	0	
7036	0	
7037	0	
7038	0	
7039	0	
7040	0.0770971	
7041	0.435607	
7042	0.731639	
7043	0.840237	
7044	0.89819	
7045	0.904455	
7046	0.906718	
7047	0.881831	
7048	0.794988	
7049	0.559694	
7050	0.166377	
7051	0	
7052	0	
7053	0	
7054	0	
7055	0	
7056	0	
7057	0	
7058	0	
7059	0	
7060	0	
7061	0	
7062	0	
7063	0	
7064	0.0852767	
7065	0.462235	
7066	0.781761	
7067	0.901323	
7068	0.906196	
7069	0.921685	
7070	0.920814	
7071	0.889836	
7072	0.806648	
7073	0.57292	
7074	0.157849	
7075	0	
7076	0	
7077	0	
7078	0	
7079	0	
7080	0	
7081	0	
7082	0	
7083	0	
7084	0	
7085	0	
7086	0	
7087	0	
7088	0.0795336	
7089	0.431082	
7090	0.737731	
7091	0.876262	
7092	0.913679	
7093	0.900104	
7094	0.892099	
7095	0.853811	
7096	0.769927	
7097	0.510616	
7098	0.133484	
7099	0	
7100	0	
7101	0	
7102	0	
7103	0	
7104	0	
7105	0	
7106	0	
7107	0	
7108	0	
7109	0	
7110	0	
7111	0	
7112	0.0795336	
7113	0.455969	
7114	0.771841	
7115	0.874869	
7116	0.888444	
7117	0.882353	
7118	0.866168	
7119	0.785764	
7120	0.636617	
7121	0.34946	
7122	0.0755308	
7123	0	
7124	0	
7125	0	
7126	0	
7127	0	
7128	0	
7129	0	
7130	0	
7131	0	
7132	0	
7133	0	
7134	0	
7135	0	
7136	0.0321963	
7137	0.160459	
7138	0.242952	
7139	0.349635	
7140	0.454751	
7141	0.479464	
7142	0.472851	
7143	0.455447	
7144	0.383745	
7145	0.29377	
7146	0.0927602	
7147	0	
7148	0	
7149	0	
7150	0	
7151	0	
7152	0	
7153	0	
7154	0	
7155	0	
7156	0	
7157	0	
7158	0	
7159	0	
7160	0.0596937	
7161	0.401497	
7162	0.711625	
7163	0.875914	
7164	0.913679	
7165	0.907414	
7166	0.912287	
7167	0.890881	
7168	0.806996	
7169	0.560216	
7170	0.140446	
7171	0	
7172	0	
7173	0	
7174	0	
7175	0	
7176	0	
7177	0	
7178	0	
7179	0	
7180	0	
7181	0	
7182	0	
7183	0	
7184	0.0579534	
7185	0.33519	
7186	0.590672	
7187	0.70188	
7188	0.731465	
7189	0.691438	
7190	0.650714	
7191	0.545945	
7192	0.368082	
7193	0.196833	
7194	0.0292377	
7195	0	
7196	0	
7197	0	
7198	0	
7199	0	
7200	0	
7201	0	
7202	0	
7203	0	
7204	0	
7205	0	
7206	0	
7207	0	
7208	0.0168813	
7209	0.150017	
7210	0.321615	
7211	0.471981	
7212	0.594501	
7213	0.676993	
7214	0.648451	
7215	0.651236	
7216	0.583536	
7217	0.346502	
7218	0.0692656	
7219	0	
7220	0	
7221	0	
7222	0	
7223	0	
7224	0	
7225	0	
7226	0	
7227	0	
7228	0	
7229	0	
7230	0	
7231	0	
7232	0.0438566	
7233	0.341281	
7234	0.664636	
7235	0.833101	
7236	0.846502	
7237	0.866864	
7238	0.886356	
7239	0.850853	
7240	0.754438	
7241	0.502611	
7242	0.117821	
7243	0	
7244	0	
7245	0	
7246	0	
7247	0	
7248	0	
7249	0	
7250	0	
7251	0	
7252	0	
7253	0	
7254	0	
7255	0	
7256	0.0583014	
7257	0.416812	
7258	0.768883	
7259	0.896624	
7260	0.917334	
7261	0.868952	
7262	0.918726	
7263	0.902019	
7264	0.81622	
7265	0.549078	
7266	0.124086	
7267	0	
7268	0	
7269	0	
7270	0	
7271	0	
7272	0	
7273	0	
7274	0	
7275	0	
7276	0	
7277	0	
7278	0	
7279	0	
7280	0.0602158	
7281	0.42882	
7282	0.747128	
7283	0.86495	
7284	0.902193	
7285	0.897842	
7286	0.900452	
7287	0.881831	
7288	0.799339	
7289	0.533241	
7290	0.119213	
7291	0	
7292	0	
7293	0	
7294	0	
7295	0	
7296	0	
7297	0	
7298	0	
7299	0	
7300	0	
7301	0	
7302	0	
7303	0.0570832	
7304	0.397146	
7305	0.706927	
7306	0.875044	
7307	0.89993	
7308	0.895754	
7309	0.895754	
7310	0.873999	
7311	0.775148	
7312	0.51253	
7313	0.109293	
7314	0	
7315	0	
7316	0	
7317	0	
7318	0	
7319	0	
7320	0	
7321	0	
7322	0	
7323	0	
7324	0	
7325	0	
7326	0	
7327	0.0485555	
7328	0.31883	
7329	0.585451	
7330	0.709189	
7331	0.697703	
7332	0.674034	
7333	0.639053	
7334	0.549948	
7335	0.435607	
7336	0.233728	
7337	0.0388096	
7338	0	
7339	0	
7340	0	
7341	0	
7342	0	
7343	0	
7344	0	
7345	0	
7346	0	
7347	0	
7348	0	
7349	0	
7350	0	
7351	0.0386356	
7352	0.299513	
7353	0.542116	
7354	0.656109	
7355	0.721371	
7356	0.752698	
7357	0.733554	
7358	0.675948	
7359	0.596241	
7360	0.370345	
7361	0.0769231	
7362	0	
7363	0	
7364	0	
7365	0	
7366	0	
7367	0	
7368	0	
7369	0	
7370	0	
7371	0	
7372	0	
7373	0	
7374	0	
7375	0.0379394	
7376	0.322833	
7377	0.588235	
7378	0.70449	
7379	0.664288	
7380	0.679429	
7381	0.71615	
7382	0.720501	
7383	0.635225	
7384	0.362339	
7385	0	
7386	0	
7387	0	
7388	0	
7389	0	
7390	0	
7391	0	
7392	0	
7393	0	
7394	0	
7395	0	
7396	0	
7397	0	
7398	0	
7399	0.0449008	
7400	0.360947	
7401	0.701183	
7402	0.841629	
7403	0.880265	
7404	0.861643	
7405	0.842673	
7406	0.833797	
7407	0.721023	
7408	0.437348	
7409	0	
7410	0	
7411	0	
7412	0	
7413	0	
7414	0	
7415	0	
7416	0	
7417	0	
7418	0	
7419	0	
7420	0	
7421	0	
7422	0	
7423	0.045945	
7424	0.383745	
7425	0.754438	
7426	0.88827	
7427	0.916812	
7428	0.907762	
7429	0.915593	
7430	0.907414	
7431	0.813609	
7432	0.506787	
7433	0	
7434	0	
7435	0	
7436	0	
7437	0	
7438	0	
7439	0	
7440	0	
7441	0	
7442	0	
7443	0	
7444	0	
7445	0	
7446	0	
7447	0.0438566	
7448	0.385834	
7449	0.754612	
7450	0.893143	
7451	0.914723	
7452	0.903411	
7453	0.907414	
7454	0.890359	
7455	0.801601	
7456	0.493039	
7457	0	
7458	0	
7459	0	
7460	0	
7461	0	
7462	0	
7463	0	
7464	0	
7465	0	
7466	0	
7467	0	
7468	0	
7469	0	
7470	0	
7471	0.0414201	
7472	0.360599	
7473	0.731813	
7474	0.874521	
7475	0.896972	
7476	0.880439	
7477	0.883223	
7478	0.858162	
7479	0.762095	
7480	0.441002	
7481	0	
7482	0	
7483	0	
7484	0	
7485	0	
7486	0	
7487	0	
7488	0	
7489	0	
7490	0	
7491	0	
7492	0	
7493	0	
7494	0	
7495	0.0341107	
7496	0.305256	
7497	0.554821	
7498	0.707623	
7499	0.737557	
7500	0.760703	
7501	0.720153	
7502	0.732336	
7503	0.553777	
7504	0.303341	
7505	0	
7506	0	
7507	0	
7508	0	
7509	0	
7510	0	
7511	0	
7512	0	
7513	0	
7514	0	
7515	0	
7516	0	
7517	0	
7518	0	
7519	0.0193178	
7520	0.227115	
7521	0.560216	
7522	0.700487	
7523	0.774626	
7524	0.738601	
7525	0.706753	
7526	0.687261	
7527	0.595371	
7528	0.369474	
7529	0	
7530	0	
7531	0	
7532	0	
7533	0	
7534	0	
7535	0	
7536	0	
7537	0	
7538	0	
7539	0	
7540	0	
7541	0	
7542	0	
7543	0.0344588	
7544	0.343195	
7545	0.688305	
7546	0.861469	
7547	0.900801	
7548	0.89001	
7549	0.898016	
7550	0.886356	
7551	0.788375	
7552	0.472503	
7553	0	
7554	0	
7555	0	
7556	0	
7557	0	
7558	0	
7559	0	
7560	0	
7561	0	
7562	0	
7563	0	
7564	0	
7565	0	
7566	0	
7567	0.0283676	
7568	0.287156	
7569	0.632962	
7570	0.835886	
7571	0.8693	
7572	0.868256	
7573	0.874521	
7574	0.865646	
7575	0.777758	
7576	0.44953	
7577	0	
7578	0	
7579	0	
7580	0	
7581	0	
7582	0	
7583	0	
7584	0	
7585	0	
7586	0	
7587	0	
7588	0	
7589	0	
7590	0	
7591	0.0292377	
7592	0.319701	
7593	0.700661	
7594	0.854507	
7595	0.888966	
7596	0.886182	
7597	0.891925	
7598	0.872259	
7599	0.77393	
7600	0.453707	
7601	0	
7602	0	
7603	0	
7604	0	
7605	0	
7606	0	
7607	0	
7608	0	
7609	0	
7610	0	
7611	0	
7612	0	
7613	0	
7614	0	
7615	0.0280195	
7616	0.321093	
7617	0.694918	
7618	0.838322	
7619	0.878698	
7620	0.875218	
7621	0.871215	
7622	0.848242	
7623	0.73599	
7624	0.431082	
7625	0	
7626	0	
7627	0	
7628	0	
7629	0	
7630	0	
7631	0	
7632	0	
7633	0	
7634	0	
7635	0	
7636	0	
7637	0	
7638	0	
7639	0.00974591	
7640	0.182388	
7641	0.328576	
7642	0.383571	
7643	0.514271	
7644	0.469892	
7645	0.48921	
7646	0.472677	
7647	0.345632	
7648	0.217717	
7649	0	
7650	0	
7651	0	
7652	0	
7653	0	
7654	0	
7655	0	
7656	0	
7657	0	
7658	0	
7659	0	
7660	0	
7661	0	
7662	0	
7663	0.00226244	
7664	0.222242	
7665	0.559694	
7666	0.729377	
7667	0.813784	
7668	0.738949	
7669	0.707623	
7670	0.692656	
7671	0.626001	
7672	0.371041	
7673	0	
7674	0	
7675	0	
7676	0	
7677	0	
7678	0	
7679	0	
7680	0	
7681	0	
7682	0	
7683	0	
7684	0	
7685	0	
7686	0	
7687	0.0226244	
7688	0.309259	
7689	0.635573	
7690	0.79464	
7691	0.880439	
7692	0.879046	
7693	0.878002	
7694	0.791333	
7695	0.736338	
7696	0.412809	
7697	0	
7698	0	
7699	0	
7700	0	
7701	0	
7702	0	
7703	0	
7704	0	
7705	0	
7706	0	
7707	0	
7708	0	
7709	0	
7710	0	
7711	0.0219283	
7712	0.298294	
7713	0.626349	
7714	0.664288	
7715	0.720849	
7716	0.785242	
7717	0.786634	
7718	0.801601	
7719	0.689697	
7720	0.389836	
7721	0	
7722	0	
7723	0	
7724	0	
7725	0	
7726	0	
7727	0	
7728	0	
7729	0	
7730	0	
7731	0	
7732	0	
7733	0	
7734	0	
7735	0.0194918	
7736	0.281413	
7737	0.664636	
7738	0.832405	
7739	0.867908	
7740	0.865124	
7741	0.868778	
7742	0.850157	
7743	0.746606	
7744	0.42064	
7745	0	
7746	0	
7747	0	
7748	0	
7749	0	
7750	0	
7751	0	
7752	0	
7753	0	
7754	0	
7755	0	
7756	0	
7757	0	
7758	0	
7759	0.0179255	
7760	0.269231	
7761	0.639749	
7762	0.793073	
7763	0.824748	
7764	0.850331	
7765	0.861643	
7766	0.835538	
7767	0.725896	
7768	0.393839	
7769	0	
7770	0	
7771	0	
7772	0	
7773	0	
7774	0	
7775	0	
7776	0	
7777	0	
7778	0	
7779	0	
7780	0	
7781	0	
7782	0	
7783	0.015141	
7784	0.268535	
7785	0.651584	
7786	0.819701	
7787	0.862861	
7788	0.861295	
7789	0.862513	
7790	0.826314	
7791	0.721197	
7792	0.397494	
7793	0	
7794	0	
7795	0	
7796	0	
7797	0	
7798	0	
7799	0	
7800	0	
7801	0	
7802	0	
7803	0	
7804	0	
7805	0	
7806	0	
7807	0.0149669	
7808	0.262792	
7809	0.643578	
7810	0.821093	
7811	0.850157	
7812	0.842325	
7813	0.862687	
7814	0.840585	
7815	0.731813	
7816	0.404107	
7817	0	
7818	0	
7819	0	
7820	0	
7821	0	
7822	0	
7823	0	
7824	0	
7825	0	
7826	0	
7827	0	
7828	0	
7829	0	
7830	0	
7831	0.0139227	
7832	0.247999	
7833	0.637661	
7834	0.811869	
7835	0.828228	
7836	0.852941	
7837	0.858858	
7838	0.840063	
7839	0.73425	
7840	0.394709	
7841	0	
7842	0	
7843	0	
7844	0	
7845	0	
7846	0	
7847	0	
7848	0	
7849	0	
7850	0	
7851	0	
7852	0	
7853	0	
7854	0	
7855	0.0116603	
7856	0.238079	
7857	0.587887	
7858	0.743822	
7859	0.799165	
7860	0.741037	
7861	0.693526	
7862	0.607727	
7863	0.528542	
7864	0.303167	
7865	0	
7866	0	
7867	0	
7868	0	
7869	0	
7870	0	
7871	0	
7872	0	
7873	0	
7874	0	
7875	0	
7876	0	
7877	0	
7878	0	
7879	0.0066133	
7880	0.187783	
7881	0.523321	
7882	0.717891	
7883	0.76575	
7884	0.681344	
7885	0.699443	
7886	0.719109	
7887	0.550296	
7888	0.333275	
7889	0	
7890	0	
7891	0	
7892	0	
7893	0	
7894	0	
7895	0	
7896	0	
7897	0	
7898	0	
7899	0	
7900	0	
7901	0	
7902	0	
7903	0.00574313	
7904	0.218065	
7905	0.573094	
7906	0.766794	
7907	0.798468	
7908	0.781761	
7909	0.721893	
7910	0.704142	
7911	0.613992	
7912	0.279151	
7913	0	
7914	0	
7915	0	
7916	0	
7917	0	
7918	0	
7919	0	
7920	0	
7921	0	
7922	0	
7923	0	
7924	0	
7925	0	
7926	0	
7927	0.00469892	
7928	0.120432	
7929	0.369648	
7930	0.494257	
7931	0.661504	
7932	0.724156	
7933	0.713888	
7934	0.69544	
7935	0.546293	
7936	0.269753	
7937	0	
7938	0	
7939	0	
7940	0	
7941	0	
7942	0	
7943	0	
7944	0	
7945	0	
7946	0	
7947	0	
7948	0	
7949	0	
7950	0	
7951	0.00957188	
7952	0.230073	
7953	0.621476	
7954	0.803515	
7955	0.861295	
7956	0.860599	
7957	0.834494	
7958	0.841455	
7959	0.690567	
7960	0.390533	
7961	0	
7962	0	
7963	0	
7964	0	
7965	0	
7966	0	
7967	0	
7968	0	
7969	0	
7970	0	
7971	0	
7972	0	
7973	0	
7974	0	
7975	0.00835364	
7976	0.220675	
7977	0.590672	
7978	0.778629	
7979	0.808737	
7980	0.813609	
7981	0.836756	
7982	0.812217	
7983	0.726418	
7984	0.401845	
7985	0	
7986	0	
7987	0	
7988	0	
7989	0	
7990	0	
7991	0	
7992	0	
7993	0	
7994	0	
7995	0	
7996	0	
7997	0	
7998	0	
7999	0.00783153	
8000	0.220849	
8001	0.554299	
8002	0.749391	
8003	0.821963	
8004	0.801949	
8005	0.803864	
8006	0.795162	
8007	0.671598	
8008	0.352071	
8009	0	
8010	0	
8011	0	
8012	0	
8013	0	
8014	0	
8015	0	
8016	0	
8017	0	
8018	0	
8019	0	
8020	0	
8021	0	
8022	0	
8023	0.00643926	
8024	0.219283	
8025	0.590498	
8026	0.796728	
8027	0.844762	
8028	0.859206	
8029	0.864079	
8030	0.845632	
8031	0.725896	
8032	0.390533	
8033	0	
8034	0	
8035	0	
8036	0	
8037	0	
8038	0	
8039	0	
8040	0	
8041	0	
8042	0	
8043	0	
8044	0	
8045	0	
8046	0	
8047	0.00609119	
8048	0.215802	
8049	0.582492	
8050	0.764532	
8051	0.805952	
8052	0.790115	
8053	0.753742	
8054	0.692656	
8055	0.560912	
8056	0.314132	
8057	0	
8058	0	
8059	0	
8060	0	
8061	0	
8062	0	
8063	0	
8064	0	
8065	0	
8066	0	
8067	0	
8068	0	
8069	0	
8070	0	
8071	0.00469892	
8072	0.161852	
8073	0.469892	
8074	0.584581	
8075	0.702054	
8076	0.675948	
8077	0.71615	
8078	0.669857	
8079	0.474069	
8080	0.227115	
8081	0	
8082	0	
8083	0	
8084	0	
8085	0	
8086	0	
8087	0	
8088	0	
8089	0	
8090	0	
8091	0	
8092	0	
8093	0	
8094	0	
8095	0.0010442	
8096	0.136095	
8097	0.349635	
8098	0.528368	
8099	0.609293	
8100	0.634702	
8101	0.621476	
8102	0.575879	
8103	0.483815	
8104	0.26575	
8105	0	
8106	0	
8107	0	
8108	0	
8109	0	
8110	0	
8111	0	
8112	0	
8113	0	
8114	0	
8115	0	
8116	0	
8117	0	
8118	0	
8119	0.00191438	
8120	0.189697	
8121	0.532718	
8122	0.657153	
8123	0.696833	
8124	0.694744	
8125	0.704838	
8126	0.656805	
8127	0.503655	
8128	0.243648	
8129	0	
8130	0	
8131	0	
8132	0	
8133	0	
8134	0	
8135	0	
8136	0	
8137	0	
8138	0	
8139	0	
8140	0	
8141	0	
8142	0	
8143	0.00191438	
8144	0.0924121	
8145	0.277758	
8146	0.495649	
8147	0.574661	
8148	0.647755	
8149	0.691263	
8150	0.61434	
8151	0.537417	
8152	0.281587	
8153	0	
8154	0	
8155	0	
8156	0	
8157	0	
8158	0	
8159	0	
8160	0	
8161	0	
8162	0	
8163	0	
8164	0	
8165	0	
8166	0	
8167	0	
8168	0.158719	
8169	0.458406	
8170	0.656457	
8171	0.72607	
8172	0.753568	
8173	0.756178	
8174	0.714932	
8175	0.592586	
8176	0.256526	
8177	0	
8178	0	
8179	0	
8180	0	
8181	0	
8182	0	
8183	0	
8184	0	
8185	0	
8186	0	
8187	0	
8188	0	
8189	0	
8190	0	
8191	0	
8192	0.161852	
8193	0.487818	
8194	0.682562	
8195	0.734076	
8196	0.727289	
8197	0.693526	
8198	0.605117	
8199	0.44048	
8200	0.21441	
8201	0	
8202	0	
8203	0	
8204	0	
8205	0	
8206	0	
8207	0	
8208	0	
8209	0	
8210	0	
8211	0	
8212	0	
8213	0	
8214	0	
8215	0	
8216	0.0983293	
8217	0.299165	
8218	0.423077	
8219	0.530108	
8220	0.578663	
8221	0.609467	
8222	0.540724	
8223	0.457536	
8224	0.259311	
8225	0	
8226	0	
8227	0	
8228	0	
8229	0	
8230	0	
8231	0	
8232	0	
8233	0	
8234	0	
8235	0	
8236	0	
8237	0	
8238	0	
8239	0	
8240	0.1441	
8241	0.346502	
8242	0.517926	
8243	0.533937	
8244	0.62339	
8245	0.618169	
8246	0.511312	
8247	0.356074	
8248	0.155935	
8249	0	
8250	0	
8251	0	
8252	0	
8253	0	
8254	0	
8255	0	
8256	0	
8257	0	
8258	0	
8259	0	
8260	0	
8261	0	
8262	0	
8263	0	
8264	0.0455969	
8265	0.230595	
8266	0.357814	
8267	0.508006	
8268	0.592934	
8269	0.616429	
8270	0.463453	
8271	0.396276	
8272	0.20536	
8273	0	
8274	0	
8275	0	
8276	0	
8277	0	
8278	0	
8279	0	
8280	0	
8281	0	
8282	0	
8283	0	
8284	0	
8285	0	
8286	0	
8287	0.000696136	
8288	0.146363	
8289	0.498086	
8290	0.760181	
8291	0.832753	
8292	0.83432	
8293	0.837626	
8294	0.813609	
8295	0.709537	
8296	0.388966	
8297	0	
8298	0	
8299	0	
8300	0	
8301	0	
8302	0	
8303	0	
8304	0	
8305	0	
8306	0	
8307	0	
8308	0	
8309	0	
8310	0	
8311	0.000174034	
8312	0.170205	
8313	0.543334	
8314	0.75583	
8315	0.788723	
8316	0.76314	
8317	0.721023	
8318	0.613644	
8319	0.464149	
8320	0.238949	
8321	0	
8322	0	
8323	0	
8324	0	
8325	0	
8326	0	
8327	0	
8328	0	
8329	0	
8330	0	
8331	0	
8332	0	
8333	0	
8334	0	
8335	0.000696136	
8336	0.12252	
8337	0.430908	
8338	0.689871	
8339	0.774452	
8340	0.787504	
8341	0.783676	
8342	0.712496	
8343	0.54316	
8344	0.308737	
8345	0	
8346	0	
8347	0	
8348	0	
8349	0	
8350	0	
8351	0	
8352	0	
8353	0	
8354	0	
8355	0	
8356	0	
8357	0	
8358	0	
8359	0.00174034	
8360	0.168117	
8361	0.555865	
8362	0.756004	
8363	0.844065	
8364	0.857292	
8365	0.83606	
8366	0.785416	
8367	0.681866	
8368	0.404107	
8369	0	
8370	0	
8371	0	
8372	0	
8373	0	
8374	0	
8375	0	
8376	0	
8377	0	
8378	0	
8379	0	
8380	0	
8381	0	
8382	0	
8383	0.00191438	
8384	0.151758	
8385	0.542464	
8386	0.758267	
8387	0.832231	
8388	0.850853	
8389	0.860947	
8390	0.835538	
8391	0.722764	
8392	0.398886	
8393	0	
8394	0	
8395	0	
8396	0	
8397	0	
8398	0	
8399	0	
8400	0	
8401	0	
8402	0	
8403	0	
8404	0	
8405	0	
8406	0	
8407	0	
8408	0.157849	
8409	0.539854	
8410	0.771145	
8411	0.834494	
8412	0.843369	
8413	0.84946	
8414	0.828924	
8415	0.714758	
8416	0.395231	
8417	0	
8418	0	
8419	0	
8420	0	
8421	0	
8422	0	
8423	0	
8424	0	
8425	0	
8426	0	
8427	0	
8428	0	
8429	0	
8430	0	
8431	0	
8432	0.153324	
8433	0.538636	
8434	0.781761	
8435	0.861469	
8436	0.863905	
8437	0.861991	
8438	0.841455	
8439	0.729029	
8440	0.410721	
8441	0	
8442	0	
8443	0	
8444	0	
8445	0	
8446	0	
8447	0	
8448	0	
8449	0	
8450	0	
8451	0	
8452	0	
8453	0	
8454	0	
8455	0	
8456	0.110512	
8457	0.423773	
8458	0.581274	
8459	0.613122	
8460	0.607031	
8461	0.613644	
8462	0.577619	
8463	0.438218	
8464	0.194396	
8465	0	
8466	0	
8467	0	
8468	0	
8469	0	
8470	0	
8471	0	
8472	0	
8473	0	
8474	0	
8475	0	
8476	0	
8477	0	
8478	0	
8479	0	
8480	0.126349	
8481	0.42795	
8482	0.5811	
8483	0.583188	
8484	0.62339	
8485	0.610338	
8486	0.563696	
8487	0.523843	
8488	0.251653	
8489	0	
8490	0	
8491	0	
8492	0	
8493	0	
8494	0	
8495	0	
8496	0	
8497	0	
8498	0	
8499	0	
8500	0	
8501	0	
8502	0	
8503	0.000174034	
8504	0.115907	
8505	0.353115	
8506	0.578141	
8507	0.658023	
8508	0.616951	
8509	0.565437	
8510	0.510442	
8511	0.397146	
8512	0.138357	
8513	0	
8514	0	
8515	0	
8516	0	
8517	0	
8518	0	
8519	0	
8520	0	
8521	0	
8522	0	
8523	0	
8524	0	
8525	0	
8526	0	
8527	0	
8528	0.0219283	
8529	0.112948	
8530	0.324052	
8531	0.392969	
8532	0.419074	
8533	0.388096	
8534	0.382701	
8535	0.294292	
8536	0.166377	
8537	0	
8538	0	
8539	0	
8540	0	
8541	0	
8542	0	
8543	0	
8544	0	
8545	0	
8546	0	
8547	0	
8548	0	
8549	0	
8550	0	
8551	0.000348068	
8552	0.101636	
8553	0.380613	
8554	0.666029	
8555	0.759833	
8556	0.720849	
8557	0.714584	
8558	0.697703	
8559	0.612948	
8560	0.326836	
8561	0	
8562	0	
8563	0	
8564	0	
8565	0	
8566	0	
8567	0	
8568	0	
8569	0	
8570	0	
8571	0	
8572	0	
8573	0	
8574	0	
8575	0	
8576	0.116603	
8577	0.466759	
8578	0.700835	
8579	0.774974	
8580	0.754786	
8581	0.669683	
8582	0.6126	
8583	0.46763	
8584	0.254264	
8585	0	
8586	0	
8587	0	
8588	0	
8589	0	
8590	0	
8591	0	
8592	0	
8593	0	
8594	0	
8595	0	
8596	0	
8597	0	
8598	0	
8599	0	
8600	0.110164	
8601	0.475809	
8602	0.661852	
8603	0.707623	
8604	0.687435	
8605	0.654368	
8606	0.644796	
8607	0.577619	
8608	0.365124	
8609	0	
8610	0	
8611	0	
8612	0	
8613	0	
8614	0	
8615	0	
8616	0	
8617	0	
8618	0	
8619	0	
8620	0	
8621	0	
8622	0	
8623	0	
8624	0.129133	
8625	0.5	
8626	0.757919	
8627	0.835016	
8628	0.839192	
8629	0.847198	
8630	0.81535	
8631	0.695614	
8632	0.398712	
8633	0	
8634	0	
8635	0	
8636	0	
8637	0	
8638	0	
8639	0	
8640	0	
8641	0	
8642	0	
8643	0	
8644	0	
8645	0	
8646	0	
8647	0	
8648	0.131918	
8649	0.44953	
8650	0.715106	
8651	0.799513	
8652	0.787678	
8653	0.772711	
8654	0.725374	
8655	0.611208	
8656	0.304908	
8657	0	
8658	0	
8659	0	
8660	0	
8661	0	
8662	0	
8663	0	
8664	0	
8665	0	
8666	0	
8667	0	
8668	0	
8669	0	
8670	0	
8671	0	
8672	0.0871911	
8673	0.302123	
8674	0.529064	
8675	0.642012	
8676	0.613818	
8677	0.599373	
8678	0.555691	
8679	0.534981	
8680	0.283328	
8681	0	
8682	0	
8683	0	
8684	0	
8685	0	
8686	0	
8687	0	
8688	0	
8689	0	
8690	0	
8691	0	
8692	0	
8693	0	
8694	0	
8695	0	
8696	0.125653	
8697	0.491124	
8698	0.74417	
8699	0.828924	
8700	0.851549	
8701	0.84946	
8702	0.822833	
8703	0.702402	
8704	0.431257	
8705	0	
8706	0	
8707	0	
8708	0	
8709	0	
8710	0	
8711	0	
8712	0	
8713	0	
8714	0	
8715	0	
8716	0	
8717	0	
8718	0	
8719	0	
8720	0.130352	
8721	0.508876	
8722	0.758267	
8723	0.835016	
8724	0.850679	
8725	0.857466	
8726	0.852245	
8727	0.750783	
8728	0.451096	
8729	0	
8730	0	
8731	0	
8732	0	
8733	0	
8734	0	
8735	0	
8736	0	
8737	0	
8738	0	
8739	0	
8740	0	
8741	0	
8742	0	
8743	0	
8744	0.120432	
8745	0.504003	
8746	0.759485	
8747	0.850505	
8748	0.863731	
8749	0.784546	
8750	0.803341	
8751	0.707797	
8752	0.460668	
8753	0	
8754	0	
8755	0	
8756	0	
8757	0	
8758	0	
8759	0	
8760	0	
8761	0	
8762	0	
8763	0	
8764	0	
8765	0	
8766	0	
8767	0	
8768	0.120432	
8769	0.504003	
8770	0.759485	
8771	0.850505	
8772	0.863731	
8773	0.784546	
8774	0.803341	
8775	0.707797	
8776	0.460668	
8777	0	
8778	0	
8779	0	
8780	0	
8781	0	
8782	0	
8783	0	
8784	0	/;
