parameter	Load_profile(interval)	/
1	100	
2	150	
3	200	
4	300	
5	375	
6	450	
7	525	
8	575	
9	625	
10	675	
11	700	
12	725	
13	740	
14	725	
15	700	
16	650	
17	600	
18	525	
19	450	
20	300	
21	200	
22	100	
23	100	
24	100	
25	100	
26	150	
27	200	
28	300	
29	375	
30	450	
31	525	
32	575	
33	625	
34	675	
35	700	
36	725	
37	740	
38	725	
39	700	
40	650	
41	600	
42	525	
43	450	
44	300	
45	200	
46	100	
47	100	
48	100	
49	100	
50	150	
51	200	
52	300	
53	375	
54	450	
55	525	
56	575	
57	625	
58	675	
59	700	
60	725	
61	740	
62	725	
63	700	
64	650	
65	600	
66	525	
67	450	
68	300	
69	200	
70	100	
71	100	
72	100	
73	100	
74	150	
75	200	
76	300	
77	375	
78	450	
79	525	
80	575	
81	625	
82	675	
83	700	
84	725	
85	740	
86	725	
87	700	
88	650	
89	600	
90	525	
91	450	
92	300	
93	200	
94	100	
95	100	
96	100	
97	100	
98	150	
99	200	
100	300	
101	375	
102	450	
103	525	
104	575	
105	625	
106	675	
107	700	
108	725	
109	740	
110	725	
111	700	
112	650	
113	600	
114	525	
115	450	
116	300	
117	200	
118	100	
119	100	
120	100	
121	100	
122	150	
123	200	
124	300	
125	375	
126	450	
127	525	
128	575	
129	625	
130	675	
131	700	
132	725	
133	740	
134	725	
135	700	
136	650	
137	600	
138	525	
139	450	
140	300	
141	200	
142	100	
143	100	
144	100	
145	100	
146	150	
147	200	
148	300	
149	375	
150	450	
151	525	
152	575	
153	625	
154	675	
155	700	
156	725	
157	740	
158	725	
159	700	
160	650	
161	600	
162	525	
163	450	
164	300	
165	200	
166	100	
167	100	
168	100	
169	100	
170	150	
171	200	
172	300	
173	375	
174	450	
175	525	
176	575	
177	625	
178	675	
179	700	
180	725	
181	740	
182	725	
183	700	
184	650	
185	600	
186	525	
187	450	
188	300	
189	200	
190	100	
191	100	
192	100	
193	100	
194	150	
195	200	
196	300	
197	375	
198	450	
199	525	
200	575	
201	625	
202	675	
203	700	
204	725	
205	740	
206	725	
207	700	
208	650	
209	600	
210	525	
211	450	
212	300	
213	200	
214	100	
215	100	
216	100	
217	100	
218	150	
219	200	
220	300	
221	375	
222	450	
223	525	
224	575	
225	625	
226	675	
227	700	
228	725	
229	740	
230	725	
231	700	
232	650	
233	600	
234	525	
235	450	
236	300	
237	200	
238	100	
239	100	
240	100	
241	100	
242	150	
243	200	
244	300	
245	375	
246	450	
247	525	
248	575	
249	625	
250	675	
251	700	
252	725	
253	740	
254	725	
255	700	
256	650	
257	600	
258	525	
259	450	
260	300	
261	200	
262	100	
263	100	
264	100	
265	100	
266	150	
267	200	
268	300	
269	375	
270	450	
271	525	
272	575	
273	625	
274	675	
275	700	
276	725	
277	740	
278	725	
279	700	
280	650	
281	600	
282	525	
283	450	
284	300	
285	200	
286	100	
287	100	
288	100	
289	100	
290	150	
291	200	
292	300	
293	375	
294	450	
295	525	
296	575	
297	625	
298	675	
299	700	
300	725	
301	740	
302	725	
303	700	
304	650	
305	600	
306	525	
307	450	
308	300	
309	200	
310	100	
311	100	
312	100	
313	100	
314	150	
315	200	
316	300	
317	375	
318	450	
319	525	
320	575	
321	625	
322	675	
323	700	
324	725	
325	740	
326	725	
327	700	
328	650	
329	600	
330	525	
331	450	
332	300	
333	200	
334	100	
335	100	
336	100	
337	100	
338	150	
339	200	
340	300	
341	375	
342	450	
343	525	
344	575	
345	625	
346	675	
347	700	
348	725	
349	740	
350	725	
351	700	
352	650	
353	600	
354	525	
355	450	
356	300	
357	200	
358	100	
359	100	
360	100	
361	100	
362	150	
363	200	
364	300	
365	375	
366	450	
367	525	
368	575	
369	625	
370	675	
371	700	
372	725	
373	740	
374	725	
375	700	
376	650	
377	600	
378	525	
379	450	
380	300	
381	200	
382	100	
383	100	
384	100	
385	100	
386	150	
387	200	
388	300	
389	375	
390	450	
391	525	
392	575	
393	625	
394	675	
395	700	
396	725	
397	740	
398	725	
399	700	
400	650	
401	600	
402	525	
403	450	
404	300	
405	200	
406	100	
407	100	
408	100	
409	100	
410	150	
411	200	
412	300	
413	375	
414	450	
415	525	
416	575	
417	625	
418	675	
419	700	
420	725	
421	740	
422	725	
423	700	
424	650	
425	600	
426	525	
427	450	
428	300	
429	200	
430	100	
431	100	
432	100	
433	100	
434	150	
435	200	
436	300	
437	375	
438	450	
439	525	
440	575	
441	625	
442	675	
443	700	
444	725	
445	740	
446	725	
447	700	
448	650	
449	600	
450	525	
451	450	
452	300	
453	200	
454	100	
455	100	
456	100	
457	100	
458	150	
459	200	
460	300	
461	375	
462	450	
463	525	
464	575	
465	625	
466	675	
467	700	
468	725	
469	740	
470	725	
471	700	
472	650	
473	600	
474	525	
475	450	
476	300	
477	200	
478	100	
479	100	
480	100	
481	100	
482	150	
483	200	
484	300	
485	375	
486	450	
487	525	
488	575	
489	625	
490	675	
491	700	
492	725	
493	740	
494	725	
495	700	
496	650	
497	600	
498	525	
499	450	
500	300	
501	200	
502	100	
503	100	
504	100	
505	100	
506	150	
507	200	
508	300	
509	375	
510	450	
511	525	
512	575	
513	625	
514	675	
515	700	
516	725	
517	740	
518	725	
519	700	
520	650	
521	600	
522	525	
523	450	
524	300	
525	200	
526	100	
527	100	
528	100	
529	100	
530	150	
531	200	
532	300	
533	375	
534	450	
535	525	
536	575	
537	625	
538	675	
539	700	
540	725	
541	740	
542	725	
543	700	
544	650	
545	600	
546	525	
547	450	
548	300	
549	200	
550	100	
551	100	
552	100	
553	100	
554	150	
555	200	
556	300	
557	375	
558	450	
559	525	
560	575	
561	625	
562	675	
563	700	
564	725	
565	740	
566	725	
567	700	
568	650	
569	600	
570	525	
571	450	
572	300	
573	200	
574	100	
575	100	
576	100	
577	100	
578	150	
579	200	
580	300	
581	375	
582	450	
583	525	
584	575	
585	625	
586	675	
587	700	
588	725	
589	740	
590	725	
591	700	
592	650	
593	600	
594	525	
595	450	
596	300	
597	200	
598	100	
599	100	
600	100	
601	100	
602	150	
603	200	
604	300	
605	375	
606	450	
607	525	
608	575	
609	625	
610	675	
611	700	
612	725	
613	740	
614	725	
615	700	
616	650	
617	600	
618	525	
619	450	
620	300	
621	200	
622	100	
623	100	
624	100	
625	100	
626	150	
627	200	
628	300	
629	375	
630	450	
631	525	
632	575	
633	625	
634	675	
635	700	
636	725	
637	740	
638	725	
639	700	
640	650	
641	600	
642	525	
643	450	
644	300	
645	200	
646	100	
647	100	
648	100	
649	100	
650	150	
651	200	
652	300	
653	375	
654	450	
655	525	
656	575	
657	625	
658	675	
659	700	
660	725	
661	740	
662	725	
663	700	
664	650	
665	600	
666	525	
667	450	
668	300	
669	200	
670	100	
671	100	
672	100	
673	100	
674	150	
675	200	
676	300	
677	375	
678	450	
679	525	
680	575	
681	625	
682	675	
683	700	
684	725	
685	740	
686	725	
687	700	
688	650	
689	600	
690	525	
691	450	
692	300	
693	200	
694	100	
695	100	
696	100	
697	100	
698	150	
699	200	
700	300	
701	375	
702	450	
703	525	
704	575	
705	625	
706	675	
707	700	
708	725	
709	740	
710	725	
711	700	
712	650	
713	600	
714	525	
715	450	
716	300	
717	200	
718	100	
719	100	
720	100	
721	100	
722	150	
723	200	
724	300	
725	375	
726	450	
727	525	
728	575	
729	625	
730	675	
731	700	
732	725	
733	740	
734	725	
735	700	
736	650	
737	600	
738	525	
739	450	
740	300	
741	200	
742	100	
743	100	
744	100	
745	100	
746	150	
747	200	
748	300	
749	375	
750	450	
751	525	
752	575	
753	625	
754	675	
755	700	
756	725	
757	740	
758	725	
759	700	
760	650	
761	600	
762	525	
763	450	
764	300	
765	200	
766	100	
767	100	
768	100	
769	100	
770	150	
771	200	
772	300	
773	375	
774	450	
775	525	
776	575	
777	625	
778	675	
779	700	
780	725	
781	740	
782	725	
783	700	
784	650	
785	600	
786	525	
787	450	
788	300	
789	200	
790	100	
791	100	
792	100	
793	100	
794	150	
795	200	
796	300	
797	375	
798	450	
799	525	
800	575	
801	625	
802	675	
803	700	
804	725	
805	740	
806	725	
807	700	
808	650	
809	600	
810	525	
811	450	
812	300	
813	200	
814	100	
815	100	
816	100	
817	100	
818	150	
819	200	
820	300	
821	375	
822	450	
823	525	
824	575	
825	625	
826	675	
827	700	
828	725	
829	740	
830	725	
831	700	
832	650	
833	600	
834	525	
835	450	
836	300	
837	200	
838	100	
839	100	
840	100	
841	100	
842	150	
843	200	
844	300	
845	375	
846	450	
847	525	
848	575	
849	625	
850	675	
851	700	
852	725	
853	740	
854	725	
855	700	
856	650	
857	600	
858	525	
859	450	
860	300	
861	200	
862	100	
863	100	
864	100	
865	100	
866	150	
867	200	
868	300	
869	375	
870	450	
871	525	
872	575	
873	625	
874	675	
875	700	
876	725	
877	740	
878	725	
879	700	
880	650	
881	600	
882	525	
883	450	
884	300	
885	200	
886	100	
887	100	
888	100	
889	100	
890	150	
891	200	
892	300	
893	375	
894	450	
895	525	
896	575	
897	625	
898	675	
899	700	
900	725	
901	740	
902	725	
903	700	
904	650	
905	600	
906	525	
907	450	
908	300	
909	200	
910	100	
911	100	
912	100	
913	100	
914	150	
915	200	
916	300	
917	375	
918	450	
919	525	
920	575	
921	625	
922	675	
923	700	
924	725	
925	740	
926	725	
927	700	
928	650	
929	600	
930	525	
931	450	
932	300	
933	200	
934	100	
935	100	
936	100	
937	100	
938	150	
939	200	
940	300	
941	375	
942	450	
943	525	
944	575	
945	625	
946	675	
947	700	
948	725	
949	740	
950	725	
951	700	
952	650	
953	600	
954	525	
955	450	
956	300	
957	200	
958	100	
959	100	
960	100	
961	100	
962	150	
963	200	
964	300	
965	375	
966	450	
967	525	
968	575	
969	625	
970	675	
971	700	
972	725	
973	740	
974	725	
975	700	
976	650	
977	600	
978	525	
979	450	
980	300	
981	200	
982	100	
983	100	
984	100	
985	100	
986	150	
987	200	
988	300	
989	375	
990	450	
991	525	
992	575	
993	625	
994	675	
995	700	
996	725	
997	740	
998	725	
999	700	
1000	650	
1001	600	
1002	525	
1003	450	
1004	300	
1005	200	
1006	100	
1007	100	
1008	100	
1009	100	
1010	150	
1011	200	
1012	300	
1013	375	
1014	450	
1015	525	
1016	575	
1017	625	
1018	675	
1019	700	
1020	725	
1021	740	
1022	725	
1023	700	
1024	650	
1025	600	
1026	525	
1027	450	
1028	300	
1029	200	
1030	100	
1031	100	
1032	100	
1033	100	
1034	150	
1035	200	
1036	300	
1037	375	
1038	450	
1039	525	
1040	575	
1041	625	
1042	675	
1043	700	
1044	725	
1045	740	
1046	725	
1047	700	
1048	650	
1049	600	
1050	525	
1051	450	
1052	300	
1053	200	
1054	100	
1055	100	
1056	100	
1057	100	
1058	150	
1059	200	
1060	300	
1061	375	
1062	450	
1063	525	
1064	575	
1065	625	
1066	675	
1067	700	
1068	725	
1069	740	
1070	725	
1071	700	
1072	650	
1073	600	
1074	525	
1075	450	
1076	300	
1077	200	
1078	100	
1079	100	
1080	100	
1081	100	
1082	150	
1083	200	
1084	300	
1085	375	
1086	450	
1087	525	
1088	575	
1089	625	
1090	675	
1091	700	
1092	725	
1093	740	
1094	725	
1095	700	
1096	650	
1097	600	
1098	525	
1099	450	
1100	300	
1101	200	
1102	100	
1103	100	
1104	100	
1105	100	
1106	150	
1107	200	
1108	300	
1109	375	
1110	450	
1111	525	
1112	575	
1113	625	
1114	675	
1115	700	
1116	725	
1117	740	
1118	725	
1119	700	
1120	650	
1121	600	
1122	525	
1123	450	
1124	300	
1125	200	
1126	100	
1127	100	
1128	100	
1129	100	
1130	150	
1131	200	
1132	300	
1133	375	
1134	450	
1135	525	
1136	575	
1137	625	
1138	675	
1139	700	
1140	725	
1141	740	
1142	725	
1143	700	
1144	650	
1145	600	
1146	525	
1147	450	
1148	300	
1149	200	
1150	100	
1151	100	
1152	100	
1153	100	
1154	150	
1155	200	
1156	300	
1157	375	
1158	450	
1159	525	
1160	575	
1161	625	
1162	675	
1163	700	
1164	725	
1165	740	
1166	725	
1167	700	
1168	650	
1169	600	
1170	525	
1171	450	
1172	300	
1173	200	
1174	100	
1175	100	
1176	100	
1177	100	
1178	150	
1179	200	
1180	300	
1181	375	
1182	450	
1183	525	
1184	575	
1185	625	
1186	675	
1187	700	
1188	725	
1189	740	
1190	725	
1191	700	
1192	650	
1193	600	
1194	525	
1195	450	
1196	300	
1197	200	
1198	100	
1199	100	
1200	100	
1201	100	
1202	150	
1203	200	
1204	300	
1205	375	
1206	450	
1207	525	
1208	575	
1209	625	
1210	675	
1211	700	
1212	725	
1213	740	
1214	725	
1215	700	
1216	650	
1217	600	
1218	525	
1219	450	
1220	300	
1221	200	
1222	100	
1223	100	
1224	100	
1225	100	
1226	150	
1227	200	
1228	300	
1229	375	
1230	450	
1231	525	
1232	575	
1233	625	
1234	675	
1235	700	
1236	725	
1237	740	
1238	725	
1239	700	
1240	650	
1241	600	
1242	525	
1243	450	
1244	300	
1245	200	
1246	100	
1247	100	
1248	100	
1249	100	
1250	150	
1251	200	
1252	300	
1253	375	
1254	450	
1255	525	
1256	575	
1257	625	
1258	675	
1259	700	
1260	725	
1261	740	
1262	725	
1263	700	
1264	650	
1265	600	
1266	525	
1267	450	
1268	300	
1269	200	
1270	100	
1271	100	
1272	100	
1273	100	
1274	150	
1275	200	
1276	300	
1277	375	
1278	450	
1279	525	
1280	575	
1281	625	
1282	675	
1283	700	
1284	725	
1285	740	
1286	725	
1287	700	
1288	650	
1289	600	
1290	525	
1291	450	
1292	300	
1293	200	
1294	100	
1295	100	
1296	100	
1297	100	
1298	150	
1299	200	
1300	300	
1301	375	
1302	450	
1303	525	
1304	575	
1305	625	
1306	675	
1307	700	
1308	725	
1309	740	
1310	725	
1311	700	
1312	650	
1313	600	
1314	525	
1315	450	
1316	300	
1317	200	
1318	100	
1319	100	
1320	100	
1321	100	
1322	150	
1323	200	
1324	300	
1325	375	
1326	450	
1327	525	
1328	575	
1329	625	
1330	675	
1331	700	
1332	725	
1333	740	
1334	725	
1335	700	
1336	650	
1337	600	
1338	525	
1339	450	
1340	300	
1341	200	
1342	100	
1343	100	
1344	100	
1345	100	
1346	150	
1347	200	
1348	300	
1349	375	
1350	450	
1351	525	
1352	575	
1353	625	
1354	675	
1355	700	
1356	725	
1357	740	
1358	725	
1359	700	
1360	650	
1361	600	
1362	525	
1363	450	
1364	300	
1365	200	
1366	100	
1367	100	
1368	100	
1369	100	
1370	150	
1371	200	
1372	300	
1373	375	
1374	450	
1375	525	
1376	575	
1377	625	
1378	675	
1379	700	
1380	725	
1381	740	
1382	725	
1383	700	
1384	650	
1385	600	
1386	525	
1387	450	
1388	300	
1389	200	
1390	100	
1391	100	
1392	100	
1393	100	
1394	150	
1395	200	
1396	300	
1397	375	
1398	450	
1399	525	
1400	575	
1401	625	
1402	675	
1403	700	
1404	725	
1405	740	
1406	725	
1407	700	
1408	650	
1409	600	
1410	525	
1411	450	
1412	300	
1413	200	
1414	100	
1415	100	
1416	100	
1417	100	
1418	150	
1419	200	
1420	300	
1421	375	
1422	450	
1423	525	
1424	575	
1425	625	
1426	675	
1427	700	
1428	725	
1429	740	
1430	725	
1431	700	
1432	650	
1433	600	
1434	525	
1435	450	
1436	300	
1437	200	
1438	100	
1439	100	
1440	100	
1441	100	
1442	150	
1443	200	
1444	300	
1445	375	
1446	450	
1447	525	
1448	575	
1449	625	
1450	675	
1451	700	
1452	725	
1453	740	
1454	725	
1455	700	
1456	650	
1457	600	
1458	525	
1459	450	
1460	300	
1461	200	
1462	100	
1463	100	
1464	100	
1465	100	
1466	150	
1467	200	
1468	300	
1469	375	
1470	450	
1471	525	
1472	575	
1473	625	
1474	675	
1475	700	
1476	725	
1477	740	
1478	725	
1479	700	
1480	650	
1481	600	
1482	525	
1483	450	
1484	300	
1485	200	
1486	100	
1487	100	
1488	100	
1489	100	
1490	150	
1491	200	
1492	300	
1493	375	
1494	450	
1495	525	
1496	575	
1497	625	
1498	675	
1499	700	
1500	725	
1501	740	
1502	725	
1503	700	
1504	650	
1505	600	
1506	525	
1507	450	
1508	300	
1509	200	
1510	100	
1511	100	
1512	100	
1513	100	
1514	150	
1515	200	
1516	300	
1517	375	
1518	450	
1519	525	
1520	575	
1521	625	
1522	675	
1523	700	
1524	725	
1525	740	
1526	725	
1527	700	
1528	650	
1529	600	
1530	525	
1531	450	
1532	300	
1533	200	
1534	100	
1535	100	
1536	100	
1537	100	
1538	150	
1539	200	
1540	300	
1541	375	
1542	450	
1543	525	
1544	575	
1545	625	
1546	675	
1547	700	
1548	725	
1549	740	
1550	725	
1551	700	
1552	650	
1553	600	
1554	525	
1555	450	
1556	300	
1557	200	
1558	100	
1559	100	
1560	100	
1561	100	
1562	150	
1563	200	
1564	300	
1565	375	
1566	450	
1567	525	
1568	575	
1569	625	
1570	675	
1571	700	
1572	725	
1573	740	
1574	725	
1575	700	
1576	650	
1577	600	
1578	525	
1579	450	
1580	300	
1581	200	
1582	100	
1583	100	
1584	100	
1585	100	
1586	150	
1587	200	
1588	300	
1589	375	
1590	450	
1591	525	
1592	575	
1593	625	
1594	675	
1595	700	
1596	725	
1597	740	
1598	725	
1599	700	
1600	650	
1601	600	
1602	525	
1603	450	
1604	300	
1605	200	
1606	100	
1607	100	
1608	100	
1609	100	
1610	150	
1611	200	
1612	300	
1613	375	
1614	450	
1615	525	
1616	575	
1617	625	
1618	675	
1619	700	
1620	725	
1621	740	
1622	725	
1623	700	
1624	650	
1625	600	
1626	525	
1627	450	
1628	300	
1629	200	
1630	100	
1631	100	
1632	100	
1633	100	
1634	150	
1635	200	
1636	300	
1637	375	
1638	450	
1639	525	
1640	575	
1641	625	
1642	675	
1643	700	
1644	725	
1645	740	
1646	725	
1647	700	
1648	650	
1649	600	
1650	525	
1651	450	
1652	300	
1653	200	
1654	100	
1655	100	
1656	100	
1657	100	
1658	150	
1659	200	
1660	300	
1661	375	
1662	450	
1663	525	
1664	575	
1665	625	
1666	675	
1667	700	
1668	725	
1669	740	
1670	725	
1671	700	
1672	650	
1673	600	
1674	525	
1675	450	
1676	300	
1677	200	
1678	100	
1679	100	
1680	100	
1681	100	
1682	150	
1683	200	
1684	300	
1685	375	
1686	450	
1687	525	
1688	575	
1689	625	
1690	675	
1691	700	
1692	725	
1693	740	
1694	725	
1695	700	
1696	650	
1697	600	
1698	525	
1699	450	
1700	300	
1701	200	
1702	100	
1703	100	
1704	100	
1705	100	
1706	150	
1707	200	
1708	300	
1709	375	
1710	450	
1711	525	
1712	575	
1713	625	
1714	675	
1715	700	
1716	725	
1717	740	
1718	725	
1719	700	
1720	650	
1721	600	
1722	525	
1723	450	
1724	300	
1725	200	
1726	100	
1727	100	
1728	100	
1729	100	
1730	150	
1731	200	
1732	300	
1733	375	
1734	450	
1735	525	
1736	575	
1737	625	
1738	675	
1739	700	
1740	725	
1741	740	
1742	725	
1743	700	
1744	650	
1745	600	
1746	525	
1747	450	
1748	300	
1749	200	
1750	100	
1751	100	
1752	100	
1753	100	
1754	150	
1755	200	
1756	300	
1757	375	
1758	450	
1759	525	
1760	575	
1761	625	
1762	675	
1763	700	
1764	725	
1765	740	
1766	725	
1767	700	
1768	650	
1769	600	
1770	525	
1771	450	
1772	300	
1773	200	
1774	100	
1775	100	
1776	100	
1777	100	
1778	150	
1779	200	
1780	300	
1781	375	
1782	450	
1783	525	
1784	575	
1785	625	
1786	675	
1787	700	
1788	725	
1789	740	
1790	725	
1791	700	
1792	650	
1793	600	
1794	525	
1795	450	
1796	300	
1797	200	
1798	100	
1799	100	
1800	100	
1801	100	
1802	150	
1803	200	
1804	300	
1805	375	
1806	450	
1807	525	
1808	575	
1809	625	
1810	675	
1811	700	
1812	725	
1813	740	
1814	725	
1815	700	
1816	650	
1817	600	
1818	525	
1819	450	
1820	300	
1821	200	
1822	100	
1823	100	
1824	100	
1825	100	
1826	150	
1827	200	
1828	300	
1829	375	
1830	450	
1831	525	
1832	575	
1833	625	
1834	675	
1835	700	
1836	725	
1837	740	
1838	725	
1839	700	
1840	650	
1841	600	
1842	525	
1843	450	
1844	300	
1845	200	
1846	100	
1847	100	
1848	100	
1849	100	
1850	150	
1851	200	
1852	300	
1853	375	
1854	450	
1855	525	
1856	575	
1857	625	
1858	675	
1859	700	
1860	725	
1861	740	
1862	725	
1863	700	
1864	650	
1865	600	
1866	525	
1867	450	
1868	300	
1869	200	
1870	100	
1871	100	
1872	100	
1873	100	
1874	150	
1875	200	
1876	300	
1877	375	
1878	450	
1879	525	
1880	575	
1881	625	
1882	675	
1883	700	
1884	725	
1885	740	
1886	725	
1887	700	
1888	650	
1889	600	
1890	525	
1891	450	
1892	300	
1893	200	
1894	100	
1895	100	
1896	100	
1897	100	
1898	150	
1899	200	
1900	300	
1901	375	
1902	450	
1903	525	
1904	575	
1905	625	
1906	675	
1907	700	
1908	725	
1909	740	
1910	725	
1911	700	
1912	650	
1913	600	
1914	525	
1915	450	
1916	300	
1917	200	
1918	100	
1919	100	
1920	100	
1921	100	
1922	150	
1923	200	
1924	300	
1925	375	
1926	450	
1927	525	
1928	575	
1929	625	
1930	675	
1931	700	
1932	725	
1933	740	
1934	725	
1935	700	
1936	650	
1937	600	
1938	525	
1939	450	
1940	300	
1941	200	
1942	100	
1943	100	
1944	100	
1945	100	
1946	150	
1947	200	
1948	300	
1949	375	
1950	450	
1951	525	
1952	575	
1953	625	
1954	675	
1955	700	
1956	725	
1957	740	
1958	725	
1959	700	
1960	650	
1961	600	
1962	525	
1963	450	
1964	300	
1965	200	
1966	100	
1967	100	
1968	100	
1969	100	
1970	150	
1971	200	
1972	300	
1973	375	
1974	450	
1975	525	
1976	575	
1977	625	
1978	675	
1979	700	
1980	725	
1981	740	
1982	725	
1983	700	
1984	650	
1985	600	
1986	525	
1987	450	
1988	300	
1989	200	
1990	100	
1991	100	
1992	100	
1993	100	
1994	150	
1995	200	
1996	300	
1997	375	
1998	450	
1999	525	
2000	575	
2001	625	
2002	675	
2003	700	
2004	725	
2005	740	
2006	725	
2007	700	
2008	650	
2009	600	
2010	525	
2011	450	
2012	300	
2013	200	
2014	100	
2015	100	
2016	100	
2017	100	
2018	150	
2019	200	
2020	300	
2021	375	
2022	450	
2023	525	
2024	575	
2025	625	
2026	675	
2027	700	
2028	725	
2029	740	
2030	725	
2031	700	
2032	650	
2033	600	
2034	525	
2035	450	
2036	300	
2037	200	
2038	100	
2039	100	
2040	100	
2041	100	
2042	150	
2043	200	
2044	300	
2045	375	
2046	450	
2047	525	
2048	575	
2049	625	
2050	675	
2051	700	
2052	725	
2053	740	
2054	725	
2055	700	
2056	650	
2057	600	
2058	525	
2059	450	
2060	300	
2061	200	
2062	100	
2063	100	
2064	100	
2065	100	
2066	150	
2067	200	
2068	300	
2069	375	
2070	450	
2071	525	
2072	575	
2073	625	
2074	675	
2075	700	
2076	725	
2077	740	
2078	725	
2079	700	
2080	650	
2081	600	
2082	525	
2083	450	
2084	300	
2085	200	
2086	100	
2087	100	
2088	100	
2089	100	
2090	150	
2091	200	
2092	300	
2093	375	
2094	450	
2095	525	
2096	575	
2097	625	
2098	675	
2099	700	
2100	725	
2101	740	
2102	725	
2103	700	
2104	650	
2105	600	
2106	525	
2107	450	
2108	300	
2109	200	
2110	100	
2111	100	
2112	100	
2113	100	
2114	150	
2115	200	
2116	300	
2117	375	
2118	450	
2119	525	
2120	575	
2121	625	
2122	675	
2123	700	
2124	725	
2125	740	
2126	725	
2127	700	
2128	650	
2129	600	
2130	525	
2131	450	
2132	300	
2133	200	
2134	100	
2135	100	
2136	100	
2137	100	
2138	150	
2139	200	
2140	300	
2141	375	
2142	450	
2143	525	
2144	575	
2145	625	
2146	675	
2147	700	
2148	725	
2149	740	
2150	725	
2151	700	
2152	650	
2153	600	
2154	525	
2155	450	
2156	300	
2157	200	
2158	100	
2159	100	
2160	100	
2161	100	
2162	150	
2163	200	
2164	300	
2165	375	
2166	450	
2167	525	
2168	575	
2169	625	
2170	675	
2171	700	
2172	725	
2173	740	
2174	725	
2175	700	
2176	650	
2177	600	
2178	525	
2179	450	
2180	300	
2181	200	
2182	100	
2183	100	
2184	100	
2185	100	
2186	150	
2187	200	
2188	300	
2189	375	
2190	450	
2191	525	
2192	575	
2193	625	
2194	675	
2195	700	
2196	725	
2197	740	
2198	725	
2199	700	
2200	650	
2201	600	
2202	525	
2203	450	
2204	300	
2205	200	
2206	100	
2207	100	
2208	100	
2209	100	
2210	150	
2211	200	
2212	300	
2213	375	
2214	450	
2215	525	
2216	575	
2217	625	
2218	675	
2219	700	
2220	725	
2221	740	
2222	725	
2223	700	
2224	650	
2225	600	
2226	525	
2227	450	
2228	300	
2229	200	
2230	100	
2231	100	
2232	100	
2233	100	
2234	150	
2235	200	
2236	300	
2237	375	
2238	450	
2239	525	
2240	575	
2241	625	
2242	675	
2243	700	
2244	725	
2245	740	
2246	725	
2247	700	
2248	650	
2249	600	
2250	525	
2251	450	
2252	300	
2253	200	
2254	100	
2255	100	
2256	100	
2257	100	
2258	150	
2259	200	
2260	300	
2261	375	
2262	450	
2263	525	
2264	575	
2265	625	
2266	675	
2267	700	
2268	725	
2269	740	
2270	725	
2271	700	
2272	650	
2273	600	
2274	525	
2275	450	
2276	300	
2277	200	
2278	100	
2279	100	
2280	100	
2281	100	
2282	150	
2283	200	
2284	300	
2285	375	
2286	450	
2287	525	
2288	575	
2289	625	
2290	675	
2291	700	
2292	725	
2293	740	
2294	725	
2295	700	
2296	650	
2297	600	
2298	525	
2299	450	
2300	300	
2301	200	
2302	100	
2303	100	
2304	100	
2305	100	
2306	150	
2307	200	
2308	300	
2309	375	
2310	450	
2311	525	
2312	575	
2313	625	
2314	675	
2315	700	
2316	725	
2317	740	
2318	725	
2319	700	
2320	650	
2321	600	
2322	525	
2323	450	
2324	300	
2325	200	
2326	100	
2327	100	
2328	100	
2329	100	
2330	150	
2331	200	
2332	300	
2333	375	
2334	450	
2335	525	
2336	575	
2337	625	
2338	675	
2339	700	
2340	725	
2341	740	
2342	725	
2343	700	
2344	650	
2345	600	
2346	525	
2347	450	
2348	300	
2349	200	
2350	100	
2351	100	
2352	100	
2353	100	
2354	150	
2355	200	
2356	300	
2357	375	
2358	450	
2359	525	
2360	575	
2361	625	
2362	675	
2363	700	
2364	725	
2365	740	
2366	725	
2367	700	
2368	650	
2369	600	
2370	525	
2371	450	
2372	300	
2373	200	
2374	100	
2375	100	
2376	100	
2377	100	
2378	150	
2379	200	
2380	300	
2381	375	
2382	450	
2383	525	
2384	575	
2385	625	
2386	675	
2387	700	
2388	725	
2389	740	
2390	725	
2391	700	
2392	650	
2393	600	
2394	525	
2395	450	
2396	300	
2397	200	
2398	100	
2399	100	
2400	100	
2401	100	
2402	150	
2403	200	
2404	300	
2405	375	
2406	450	
2407	525	
2408	575	
2409	625	
2410	675	
2411	700	
2412	725	
2413	740	
2414	725	
2415	700	
2416	650	
2417	600	
2418	525	
2419	450	
2420	300	
2421	200	
2422	100	
2423	100	
2424	100	
2425	100	
2426	150	
2427	200	
2428	300	
2429	375	
2430	450	
2431	525	
2432	575	
2433	625	
2434	675	
2435	700	
2436	725	
2437	740	
2438	725	
2439	700	
2440	650	
2441	600	
2442	525	
2443	450	
2444	300	
2445	200	
2446	100	
2447	100	
2448	100	
2449	100	
2450	150	
2451	200	
2452	300	
2453	375	
2454	450	
2455	525	
2456	575	
2457	625	
2458	675	
2459	700	
2460	725	
2461	740	
2462	725	
2463	700	
2464	650	
2465	600	
2466	525	
2467	450	
2468	300	
2469	200	
2470	100	
2471	100	
2472	100	
2473	100	
2474	150	
2475	200	
2476	300	
2477	375	
2478	450	
2479	525	
2480	575	
2481	625	
2482	675	
2483	700	
2484	725	
2485	740	
2486	725	
2487	700	
2488	650	
2489	600	
2490	525	
2491	450	
2492	300	
2493	200	
2494	100	
2495	100	
2496	100	
2497	100	
2498	150	
2499	200	
2500	300	
2501	375	
2502	450	
2503	525	
2504	575	
2505	625	
2506	675	
2507	700	
2508	725	
2509	740	
2510	725	
2511	700	
2512	650	
2513	600	
2514	525	
2515	450	
2516	300	
2517	200	
2518	100	
2519	100	
2520	100	
2521	100	
2522	150	
2523	200	
2524	300	
2525	375	
2526	450	
2527	525	
2528	575	
2529	625	
2530	675	
2531	700	
2532	725	
2533	740	
2534	725	
2535	700	
2536	650	
2537	600	
2538	525	
2539	450	
2540	300	
2541	200	
2542	100	
2543	100	
2544	100	
2545	100	
2546	150	
2547	200	
2548	300	
2549	375	
2550	450	
2551	525	
2552	575	
2553	625	
2554	675	
2555	700	
2556	725	
2557	740	
2558	725	
2559	700	
2560	650	
2561	600	
2562	525	
2563	450	
2564	300	
2565	200	
2566	100	
2567	100	
2568	100	
2569	100	
2570	150	
2571	200	
2572	300	
2573	375	
2574	450	
2575	525	
2576	575	
2577	625	
2578	675	
2579	700	
2580	725	
2581	740	
2582	725	
2583	700	
2584	650	
2585	600	
2586	525	
2587	450	
2588	300	
2589	200	
2590	100	
2591	100	
2592	100	
2593	100	
2594	150	
2595	200	
2596	300	
2597	375	
2598	450	
2599	525	
2600	575	
2601	625	
2602	675	
2603	700	
2604	725	
2605	740	
2606	725	
2607	700	
2608	650	
2609	600	
2610	525	
2611	450	
2612	300	
2613	200	
2614	100	
2615	100	
2616	100	
2617	100	
2618	150	
2619	200	
2620	300	
2621	375	
2622	450	
2623	525	
2624	575	
2625	625	
2626	675	
2627	700	
2628	725	
2629	740	
2630	725	
2631	700	
2632	650	
2633	600	
2634	525	
2635	450	
2636	300	
2637	200	
2638	100	
2639	100	
2640	100	
2641	100	
2642	150	
2643	200	
2644	300	
2645	375	
2646	450	
2647	525	
2648	575	
2649	625	
2650	675	
2651	700	
2652	725	
2653	740	
2654	725	
2655	700	
2656	650	
2657	600	
2658	525	
2659	450	
2660	300	
2661	200	
2662	100	
2663	100	
2664	100	
2665	100	
2666	150	
2667	200	
2668	300	
2669	375	
2670	450	
2671	525	
2672	575	
2673	625	
2674	675	
2675	700	
2676	725	
2677	740	
2678	725	
2679	700	
2680	650	
2681	600	
2682	525	
2683	450	
2684	300	
2685	200	
2686	100	
2687	100	
2688	100	
2689	100	
2690	150	
2691	200	
2692	300	
2693	375	
2694	450	
2695	525	
2696	575	
2697	625	
2698	675	
2699	700	
2700	725	
2701	740	
2702	725	
2703	700	
2704	650	
2705	600	
2706	525	
2707	450	
2708	300	
2709	200	
2710	100	
2711	100	
2712	100	
2713	100	
2714	150	
2715	200	
2716	300	
2717	375	
2718	450	
2719	525	
2720	575	
2721	625	
2722	675	
2723	700	
2724	725	
2725	740	
2726	725	
2727	700	
2728	650	
2729	600	
2730	525	
2731	450	
2732	300	
2733	200	
2734	100	
2735	100	
2736	100	
2737	100	
2738	150	
2739	200	
2740	300	
2741	375	
2742	450	
2743	525	
2744	575	
2745	625	
2746	675	
2747	700	
2748	725	
2749	740	
2750	725	
2751	700	
2752	650	
2753	600	
2754	525	
2755	450	
2756	300	
2757	200	
2758	100	
2759	100	
2760	100	
2761	100	
2762	150	
2763	200	
2764	300	
2765	375	
2766	450	
2767	525	
2768	575	
2769	625	
2770	675	
2771	700	
2772	725	
2773	740	
2774	725	
2775	700	
2776	650	
2777	600	
2778	525	
2779	450	
2780	300	
2781	200	
2782	100	
2783	100	
2784	100	
2785	100	
2786	150	
2787	200	
2788	300	
2789	375	
2790	450	
2791	525	
2792	575	
2793	625	
2794	675	
2795	700	
2796	725	
2797	740	
2798	725	
2799	700	
2800	650	
2801	600	
2802	525	
2803	450	
2804	300	
2805	200	
2806	100	
2807	100	
2808	100	
2809	100	
2810	150	
2811	200	
2812	300	
2813	375	
2814	450	
2815	525	
2816	575	
2817	625	
2818	675	
2819	700	
2820	725	
2821	740	
2822	725	
2823	700	
2824	650	
2825	600	
2826	525	
2827	450	
2828	300	
2829	200	
2830	100	
2831	100	
2832	100	
2833	100	
2834	150	
2835	200	
2836	300	
2837	375	
2838	450	
2839	525	
2840	575	
2841	625	
2842	675	
2843	700	
2844	725	
2845	740	
2846	725	
2847	700	
2848	650	
2849	600	
2850	525	
2851	450	
2852	300	
2853	200	
2854	100	
2855	100	
2856	100	
2857	100	
2858	150	
2859	200	
2860	300	
2861	375	
2862	450	
2863	525	
2864	575	
2865	625	
2866	675	
2867	700	
2868	725	
2869	740	
2870	725	
2871	700	
2872	650	
2873	600	
2874	525	
2875	450	
2876	300	
2877	200	
2878	100	
2879	100	
2880	100	
2881	100	
2882	150	
2883	200	
2884	300	
2885	375	
2886	450	
2887	525	
2888	575	
2889	625	
2890	675	
2891	700	
2892	725	
2893	740	
2894	725	
2895	700	
2896	650	
2897	600	
2898	525	
2899	450	
2900	300	
2901	200	
2902	100	
2903	100	
2904	100	
2905	100	
2906	150	
2907	200	
2908	300	
2909	375	
2910	450	
2911	525	
2912	575	
2913	625	
2914	675	
2915	700	
2916	725	
2917	740	
2918	725	
2919	700	
2920	650	
2921	600	
2922	525	
2923	450	
2924	300	
2925	200	
2926	100	
2927	100	
2928	100	
2929	100	
2930	150	
2931	200	
2932	300	
2933	375	
2934	450	
2935	525	
2936	575	
2937	625	
2938	675	
2939	700	
2940	725	
2941	740	
2942	725	
2943	700	
2944	650	
2945	600	
2946	525	
2947	450	
2948	300	
2949	200	
2950	100	
2951	100	
2952	100	
2953	100	
2954	150	
2955	200	
2956	300	
2957	375	
2958	450	
2959	525	
2960	575	
2961	625	
2962	675	
2963	700	
2964	725	
2965	740	
2966	725	
2967	700	
2968	650	
2969	600	
2970	525	
2971	450	
2972	300	
2973	200	
2974	100	
2975	100	
2976	100	
2977	100	
2978	150	
2979	200	
2980	300	
2981	375	
2982	450	
2983	525	
2984	575	
2985	625	
2986	675	
2987	700	
2988	725	
2989	740	
2990	725	
2991	700	
2992	650	
2993	600	
2994	525	
2995	450	
2996	300	
2997	200	
2998	100	
2999	100	
3000	100	
3001	100	
3002	150	
3003	200	
3004	300	
3005	375	
3006	450	
3007	525	
3008	575	
3009	625	
3010	675	
3011	700	
3012	725	
3013	740	
3014	725	
3015	700	
3016	650	
3017	600	
3018	525	
3019	450	
3020	300	
3021	200	
3022	100	
3023	100	
3024	100	
3025	100	
3026	150	
3027	200	
3028	300	
3029	375	
3030	450	
3031	525	
3032	575	
3033	625	
3034	675	
3035	700	
3036	725	
3037	740	
3038	725	
3039	700	
3040	650	
3041	600	
3042	525	
3043	450	
3044	300	
3045	200	
3046	100	
3047	100	
3048	100	
3049	100	
3050	150	
3051	200	
3052	300	
3053	375	
3054	450	
3055	525	
3056	575	
3057	625	
3058	675	
3059	700	
3060	725	
3061	740	
3062	725	
3063	700	
3064	650	
3065	600	
3066	525	
3067	450	
3068	300	
3069	200	
3070	100	
3071	100	
3072	100	
3073	100	
3074	150	
3075	200	
3076	300	
3077	375	
3078	450	
3079	525	
3080	575	
3081	625	
3082	675	
3083	700	
3084	725	
3085	740	
3086	725	
3087	700	
3088	650	
3089	600	
3090	525	
3091	450	
3092	300	
3093	200	
3094	100	
3095	100	
3096	100	
3097	100	
3098	150	
3099	200	
3100	300	
3101	375	
3102	450	
3103	525	
3104	575	
3105	625	
3106	675	
3107	700	
3108	725	
3109	740	
3110	725	
3111	700	
3112	650	
3113	600	
3114	525	
3115	450	
3116	300	
3117	200	
3118	100	
3119	100	
3120	100	
3121	100	
3122	150	
3123	200	
3124	300	
3125	375	
3126	450	
3127	525	
3128	575	
3129	625	
3130	675	
3131	700	
3132	725	
3133	740	
3134	725	
3135	700	
3136	650	
3137	600	
3138	525	
3139	450	
3140	300	
3141	200	
3142	100	
3143	100	
3144	100	
3145	100	
3146	150	
3147	200	
3148	300	
3149	375	
3150	450	
3151	525	
3152	575	
3153	625	
3154	675	
3155	700	
3156	725	
3157	740	
3158	725	
3159	700	
3160	650	
3161	600	
3162	525	
3163	450	
3164	300	
3165	200	
3166	100	
3167	100	
3168	100	
3169	100	
3170	150	
3171	200	
3172	300	
3173	375	
3174	450	
3175	525	
3176	575	
3177	625	
3178	675	
3179	700	
3180	725	
3181	740	
3182	725	
3183	700	
3184	650	
3185	600	
3186	525	
3187	450	
3188	300	
3189	200	
3190	100	
3191	100	
3192	100	
3193	100	
3194	150	
3195	200	
3196	300	
3197	375	
3198	450	
3199	525	
3200	575	
3201	625	
3202	675	
3203	700	
3204	725	
3205	740	
3206	725	
3207	700	
3208	650	
3209	600	
3210	525	
3211	450	
3212	300	
3213	200	
3214	100	
3215	100	
3216	100	
3217	100	
3218	150	
3219	200	
3220	300	
3221	375	
3222	450	
3223	525	
3224	575	
3225	625	
3226	675	
3227	700	
3228	725	
3229	740	
3230	725	
3231	700	
3232	650	
3233	600	
3234	525	
3235	450	
3236	300	
3237	200	
3238	100	
3239	100	
3240	100	
3241	100	
3242	150	
3243	200	
3244	300	
3245	375	
3246	450	
3247	525	
3248	575	
3249	625	
3250	675	
3251	700	
3252	725	
3253	740	
3254	725	
3255	700	
3256	650	
3257	600	
3258	525	
3259	450	
3260	300	
3261	200	
3262	100	
3263	100	
3264	100	
3265	100	
3266	150	
3267	200	
3268	300	
3269	375	
3270	450	
3271	525	
3272	575	
3273	625	
3274	675	
3275	700	
3276	725	
3277	740	
3278	725	
3279	700	
3280	650	
3281	600	
3282	525	
3283	450	
3284	300	
3285	200	
3286	100	
3287	100	
3288	100	
3289	100	
3290	150	
3291	200	
3292	300	
3293	375	
3294	450	
3295	525	
3296	575	
3297	625	
3298	675	
3299	700	
3300	725	
3301	740	
3302	725	
3303	700	
3304	650	
3305	600	
3306	525	
3307	450	
3308	300	
3309	200	
3310	100	
3311	100	
3312	100	
3313	100	
3314	150	
3315	200	
3316	300	
3317	375	
3318	450	
3319	525	
3320	575	
3321	625	
3322	675	
3323	700	
3324	725	
3325	740	
3326	725	
3327	700	
3328	650	
3329	600	
3330	525	
3331	450	
3332	300	
3333	200	
3334	100	
3335	100	
3336	100	
3337	100	
3338	150	
3339	200	
3340	300	
3341	375	
3342	450	
3343	525	
3344	575	
3345	625	
3346	675	
3347	700	
3348	725	
3349	740	
3350	725	
3351	700	
3352	650	
3353	600	
3354	525	
3355	450	
3356	300	
3357	200	
3358	100	
3359	100	
3360	100	
3361	100	
3362	150	
3363	200	
3364	300	
3365	375	
3366	450	
3367	525	
3368	575	
3369	625	
3370	675	
3371	700	
3372	725	
3373	740	
3374	725	
3375	700	
3376	650	
3377	600	
3378	525	
3379	450	
3380	300	
3381	200	
3382	100	
3383	100	
3384	100	
3385	100	
3386	150	
3387	200	
3388	300	
3389	375	
3390	450	
3391	525	
3392	575	
3393	625	
3394	675	
3395	700	
3396	725	
3397	740	
3398	725	
3399	700	
3400	650	
3401	600	
3402	525	
3403	450	
3404	300	
3405	200	
3406	100	
3407	100	
3408	100	
3409	100	
3410	150	
3411	200	
3412	300	
3413	375	
3414	450	
3415	525	
3416	575	
3417	625	
3418	675	
3419	700	
3420	725	
3421	740	
3422	725	
3423	700	
3424	650	
3425	600	
3426	525	
3427	450	
3428	300	
3429	200	
3430	100	
3431	100	
3432	100	
3433	100	
3434	150	
3435	200	
3436	300	
3437	375	
3438	450	
3439	525	
3440	575	
3441	625	
3442	675	
3443	700	
3444	725	
3445	740	
3446	725	
3447	700	
3448	650	
3449	600	
3450	525	
3451	450	
3452	300	
3453	200	
3454	100	
3455	100	
3456	100	
3457	100	
3458	150	
3459	200	
3460	300	
3461	375	
3462	450	
3463	525	
3464	575	
3465	625	
3466	675	
3467	700	
3468	725	
3469	740	
3470	725	
3471	700	
3472	650	
3473	600	
3474	525	
3475	450	
3476	300	
3477	200	
3478	100	
3479	100	
3480	100	
3481	100	
3482	150	
3483	200	
3484	300	
3485	375	
3486	450	
3487	525	
3488	575	
3489	625	
3490	675	
3491	700	
3492	725	
3493	740	
3494	725	
3495	700	
3496	650	
3497	600	
3498	525	
3499	450	
3500	300	
3501	200	
3502	100	
3503	100	
3504	100	
3505	100	
3506	150	
3507	200	
3508	300	
3509	375	
3510	450	
3511	525	
3512	575	
3513	625	
3514	675	
3515	700	
3516	725	
3517	740	
3518	725	
3519	700	
3520	650	
3521	600	
3522	525	
3523	450	
3524	300	
3525	200	
3526	100	
3527	100	
3528	100	
3529	100	
3530	150	
3531	200	
3532	300	
3533	375	
3534	450	
3535	525	
3536	575	
3537	625	
3538	675	
3539	700	
3540	725	
3541	740	
3542	725	
3543	700	
3544	650	
3545	600	
3546	525	
3547	450	
3548	300	
3549	200	
3550	100	
3551	100	
3552	100	
3553	100	
3554	150	
3555	200	
3556	300	
3557	375	
3558	450	
3559	525	
3560	575	
3561	625	
3562	675	
3563	700	
3564	725	
3565	740	
3566	725	
3567	700	
3568	650	
3569	600	
3570	525	
3571	450	
3572	300	
3573	200	
3574	100	
3575	100	
3576	100	
3577	100	
3578	150	
3579	200	
3580	300	
3581	375	
3582	450	
3583	525	
3584	575	
3585	625	
3586	675	
3587	700	
3588	725	
3589	740	
3590	725	
3591	700	
3592	650	
3593	600	
3594	525	
3595	450	
3596	300	
3597	200	
3598	100	
3599	100	
3600	100	
3601	100	
3602	150	
3603	200	
3604	300	
3605	375	
3606	450	
3607	525	
3608	575	
3609	625	
3610	675	
3611	700	
3612	725	
3613	740	
3614	725	
3615	700	
3616	650	
3617	600	
3618	525	
3619	450	
3620	300	
3621	200	
3622	100	
3623	100	
3624	100	
3625	100	
3626	150	
3627	200	
3628	300	
3629	375	
3630	450	
3631	525	
3632	575	
3633	625	
3634	675	
3635	700	
3636	725	
3637	740	
3638	725	
3639	700	
3640	650	
3641	600	
3642	525	
3643	450	
3644	300	
3645	200	
3646	100	
3647	100	
3648	100	
3649	100	
3650	150	
3651	200	
3652	300	
3653	375	
3654	450	
3655	525	
3656	575	
3657	625	
3658	675	
3659	700	
3660	725	
3661	740	
3662	725	
3663	700	
3664	650	
3665	600	
3666	525	
3667	450	
3668	300	
3669	200	
3670	100	
3671	100	
3672	100	
3673	100	
3674	150	
3675	200	
3676	300	
3677	375	
3678	450	
3679	525	
3680	575	
3681	625	
3682	675	
3683	700	
3684	725	
3685	740	
3686	725	
3687	700	
3688	650	
3689	600	
3690	525	
3691	450	
3692	300	
3693	200	
3694	100	
3695	100	
3696	100	
3697	100	
3698	150	
3699	200	
3700	300	
3701	375	
3702	450	
3703	525	
3704	575	
3705	625	
3706	675	
3707	700	
3708	725	
3709	740	
3710	725	
3711	700	
3712	650	
3713	600	
3714	525	
3715	450	
3716	300	
3717	200	
3718	100	
3719	100	
3720	100	
3721	100	
3722	150	
3723	200	
3724	300	
3725	375	
3726	450	
3727	525	
3728	575	
3729	625	
3730	675	
3731	700	
3732	725	
3733	740	
3734	725	
3735	700	
3736	650	
3737	600	
3738	525	
3739	450	
3740	300	
3741	200	
3742	100	
3743	100	
3744	100	
3745	100	
3746	150	
3747	200	
3748	300	
3749	375	
3750	450	
3751	525	
3752	575	
3753	625	
3754	675	
3755	700	
3756	725	
3757	740	
3758	725	
3759	700	
3760	650	
3761	600	
3762	525	
3763	450	
3764	300	
3765	200	
3766	100	
3767	100	
3768	100	
3769	100	
3770	150	
3771	200	
3772	300	
3773	375	
3774	450	
3775	525	
3776	575	
3777	625	
3778	675	
3779	700	
3780	725	
3781	740	
3782	725	
3783	700	
3784	650	
3785	600	
3786	525	
3787	450	
3788	300	
3789	200	
3790	100	
3791	100	
3792	100	
3793	100	
3794	150	
3795	200	
3796	300	
3797	375	
3798	450	
3799	525	
3800	575	
3801	625	
3802	675	
3803	700	
3804	725	
3805	740	
3806	725	
3807	700	
3808	650	
3809	600	
3810	525	
3811	450	
3812	300	
3813	200	
3814	100	
3815	100	
3816	100	
3817	100	
3818	150	
3819	200	
3820	300	
3821	375	
3822	450	
3823	525	
3824	575	
3825	625	
3826	675	
3827	700	
3828	725	
3829	740	
3830	725	
3831	700	
3832	650	
3833	600	
3834	525	
3835	450	
3836	300	
3837	200	
3838	100	
3839	100	
3840	100	
3841	100	
3842	150	
3843	200	
3844	300	
3845	375	
3846	450	
3847	525	
3848	575	
3849	625	
3850	675	
3851	700	
3852	725	
3853	740	
3854	725	
3855	700	
3856	650	
3857	600	
3858	525	
3859	450	
3860	300	
3861	200	
3862	100	
3863	100	
3864	100	
3865	100	
3866	150	
3867	200	
3868	300	
3869	375	
3870	450	
3871	525	
3872	575	
3873	625	
3874	675	
3875	700	
3876	725	
3877	740	
3878	725	
3879	700	
3880	650	
3881	600	
3882	525	
3883	450	
3884	300	
3885	200	
3886	100	
3887	100	
3888	100	
3889	100	
3890	150	
3891	200	
3892	300	
3893	375	
3894	450	
3895	525	
3896	575	
3897	625	
3898	675	
3899	700	
3900	725	
3901	740	
3902	725	
3903	700	
3904	650	
3905	600	
3906	525	
3907	450	
3908	300	
3909	200	
3910	100	
3911	100	
3912	100	
3913	100	
3914	150	
3915	200	
3916	300	
3917	375	
3918	450	
3919	525	
3920	575	
3921	625	
3922	675	
3923	700	
3924	725	
3925	740	
3926	725	
3927	700	
3928	650	
3929	600	
3930	525	
3931	450	
3932	300	
3933	200	
3934	100	
3935	100	
3936	100	
3937	100	
3938	150	
3939	200	
3940	300	
3941	375	
3942	450	
3943	525	
3944	575	
3945	625	
3946	675	
3947	700	
3948	725	
3949	740	
3950	725	
3951	700	
3952	650	
3953	600	
3954	525	
3955	450	
3956	300	
3957	200	
3958	100	
3959	100	
3960	100	
3961	100	
3962	150	
3963	200	
3964	300	
3965	375	
3966	450	
3967	525	
3968	575	
3969	625	
3970	675	
3971	700	
3972	725	
3973	740	
3974	725	
3975	700	
3976	650	
3977	600	
3978	525	
3979	450	
3980	300	
3981	200	
3982	100	
3983	100	
3984	100	
3985	100	
3986	150	
3987	200	
3988	300	
3989	375	
3990	450	
3991	525	
3992	575	
3993	625	
3994	675	
3995	700	
3996	725	
3997	740	
3998	725	
3999	700	
4000	650	
4001	600	
4002	525	
4003	450	
4004	300	
4005	200	
4006	100	
4007	100	
4008	100	
4009	100	
4010	150	
4011	200	
4012	300	
4013	375	
4014	450	
4015	525	
4016	575	
4017	625	
4018	675	
4019	700	
4020	725	
4021	740	
4022	725	
4023	700	
4024	650	
4025	600	
4026	525	
4027	450	
4028	300	
4029	200	
4030	100	
4031	100	
4032	100	
4033	100	
4034	150	
4035	200	
4036	300	
4037	375	
4038	450	
4039	525	
4040	575	
4041	625	
4042	675	
4043	700	
4044	725	
4045	740	
4046	725	
4047	700	
4048	650	
4049	600	
4050	525	
4051	450	
4052	300	
4053	200	
4054	100	
4055	100	
4056	100	
4057	100	
4058	150	
4059	200	
4060	300	
4061	375	
4062	450	
4063	525	
4064	575	
4065	625	
4066	675	
4067	700	
4068	725	
4069	740	
4070	725	
4071	700	
4072	650	
4073	600	
4074	525	
4075	450	
4076	300	
4077	200	
4078	100	
4079	100	
4080	100	
4081	100	
4082	150	
4083	200	
4084	300	
4085	375	
4086	450	
4087	525	
4088	575	
4089	625	
4090	675	
4091	700	
4092	725	
4093	740	
4094	725	
4095	700	
4096	650	
4097	600	
4098	525	
4099	450	
4100	300	
4101	200	
4102	100	
4103	100	
4104	100	
4105	100	
4106	150	
4107	200	
4108	300	
4109	375	
4110	450	
4111	525	
4112	575	
4113	625	
4114	675	
4115	700	
4116	725	
4117	740	
4118	725	
4119	700	
4120	650	
4121	600	
4122	525	
4123	450	
4124	300	
4125	200	
4126	100	
4127	100	
4128	100	
4129	100	
4130	150	
4131	200	
4132	300	
4133	375	
4134	450	
4135	525	
4136	575	
4137	625	
4138	675	
4139	700	
4140	725	
4141	740	
4142	725	
4143	700	
4144	650	
4145	600	
4146	525	
4147	450	
4148	300	
4149	200	
4150	100	
4151	100	
4152	100	
4153	100	
4154	150	
4155	200	
4156	300	
4157	375	
4158	450	
4159	525	
4160	575	
4161	625	
4162	675	
4163	700	
4164	725	
4165	740	
4166	725	
4167	700	
4168	650	
4169	600	
4170	525	
4171	450	
4172	300	
4173	200	
4174	100	
4175	100	
4176	100	
4177	100	
4178	150	
4179	200	
4180	300	
4181	375	
4182	450	
4183	525	
4184	575	
4185	625	
4186	675	
4187	700	
4188	725	
4189	740	
4190	725	
4191	700	
4192	650	
4193	600	
4194	525	
4195	450	
4196	300	
4197	200	
4198	100	
4199	100	
4200	100	
4201	100	
4202	150	
4203	200	
4204	300	
4205	375	
4206	450	
4207	525	
4208	575	
4209	625	
4210	675	
4211	700	
4212	725	
4213	740	
4214	725	
4215	700	
4216	650	
4217	600	
4218	525	
4219	450	
4220	300	
4221	200	
4222	100	
4223	100	
4224	100	
4225	100	
4226	150	
4227	200	
4228	300	
4229	375	
4230	450	
4231	525	
4232	575	
4233	625	
4234	675	
4235	700	
4236	725	
4237	740	
4238	725	
4239	700	
4240	650	
4241	600	
4242	525	
4243	450	
4244	300	
4245	200	
4246	100	
4247	100	
4248	100	
4249	100	
4250	150	
4251	200	
4252	300	
4253	375	
4254	450	
4255	525	
4256	575	
4257	625	
4258	675	
4259	700	
4260	725	
4261	740	
4262	725	
4263	700	
4264	650	
4265	600	
4266	525	
4267	450	
4268	300	
4269	200	
4270	100	
4271	100	
4272	100	
4273	100	
4274	150	
4275	200	
4276	300	
4277	375	
4278	450	
4279	525	
4280	575	
4281	625	
4282	675	
4283	700	
4284	725	
4285	740	
4286	725	
4287	700	
4288	650	
4289	600	
4290	525	
4291	450	
4292	300	
4293	200	
4294	100	
4295	100	
4296	100	
4297	100	
4298	150	
4299	200	
4300	300	
4301	375	
4302	450	
4303	525	
4304	575	
4305	625	
4306	675	
4307	700	
4308	725	
4309	740	
4310	725	
4311	700	
4312	650	
4313	600	
4314	525	
4315	450	
4316	300	
4317	200	
4318	100	
4319	100	
4320	100	
4321	100	
4322	150	
4323	200	
4324	300	
4325	375	
4326	450	
4327	525	
4328	575	
4329	625	
4330	675	
4331	700	
4332	725	
4333	740	
4334	725	
4335	700	
4336	650	
4337	600	
4338	525	
4339	450	
4340	300	
4341	200	
4342	100	
4343	100	
4344	100	
4345	100	
4346	150	
4347	200	
4348	300	
4349	375	
4350	450	
4351	525	
4352	575	
4353	625	
4354	675	
4355	700	
4356	725	
4357	740	
4358	725	
4359	700	
4360	650	
4361	600	
4362	525	
4363	450	
4364	300	
4365	200	
4366	100	
4367	100	
4368	100	
4369	100	
4370	150	
4371	200	
4372	300	
4373	375	
4374	450	
4375	525	
4376	575	
4377	625	
4378	675	
4379	700	
4380	725	
4381	740	
4382	725	
4383	700	
4384	650	
4385	600	
4386	525	
4387	450	
4388	300	
4389	200	
4390	100	
4391	100	
4392	100	
4393	100	
4394	150	
4395	200	
4396	300	
4397	375	
4398	450	
4399	525	
4400	575	
4401	625	
4402	675	
4403	700	
4404	725	
4405	740	
4406	725	
4407	700	
4408	650	
4409	600	
4410	525	
4411	450	
4412	300	
4413	200	
4414	100	
4415	100	
4416	100	
4417	100	
4418	150	
4419	200	
4420	300	
4421	375	
4422	450	
4423	525	
4424	575	
4425	625	
4426	675	
4427	700	
4428	725	
4429	740	
4430	725	
4431	700	
4432	650	
4433	600	
4434	525	
4435	450	
4436	300	
4437	200	
4438	100	
4439	100	
4440	100	
4441	100	
4442	150	
4443	200	
4444	300	
4445	375	
4446	450	
4447	525	
4448	575	
4449	625	
4450	675	
4451	700	
4452	725	
4453	740	
4454	725	
4455	700	
4456	650	
4457	600	
4458	525	
4459	450	
4460	300	
4461	200	
4462	100	
4463	100	
4464	100	
4465	100	
4466	150	
4467	200	
4468	300	
4469	375	
4470	450	
4471	525	
4472	575	
4473	625	
4474	675	
4475	700	
4476	725	
4477	740	
4478	725	
4479	700	
4480	650	
4481	600	
4482	525	
4483	450	
4484	300	
4485	200	
4486	100	
4487	100	
4488	100	
4489	100	
4490	150	
4491	200	
4492	300	
4493	375	
4494	450	
4495	525	
4496	575	
4497	625	
4498	675	
4499	700	
4500	725	
4501	740	
4502	725	
4503	700	
4504	650	
4505	600	
4506	525	
4507	450	
4508	300	
4509	200	
4510	100	
4511	100	
4512	100	
4513	100	
4514	150	
4515	200	
4516	300	
4517	375	
4518	450	
4519	525	
4520	575	
4521	625	
4522	675	
4523	700	
4524	725	
4525	740	
4526	725	
4527	700	
4528	650	
4529	600	
4530	525	
4531	450	
4532	300	
4533	200	
4534	100	
4535	100	
4536	100	
4537	100	
4538	150	
4539	200	
4540	300	
4541	375	
4542	450	
4543	525	
4544	575	
4545	625	
4546	675	
4547	700	
4548	725	
4549	740	
4550	725	
4551	700	
4552	650	
4553	600	
4554	525	
4555	450	
4556	300	
4557	200	
4558	100	
4559	100	
4560	100	
4561	100	
4562	150	
4563	200	
4564	300	
4565	375	
4566	450	
4567	525	
4568	575	
4569	625	
4570	675	
4571	700	
4572	725	
4573	740	
4574	725	
4575	700	
4576	650	
4577	600	
4578	525	
4579	450	
4580	300	
4581	200	
4582	100	
4583	100	
4584	100	
4585	100	
4586	150	
4587	200	
4588	300	
4589	375	
4590	450	
4591	525	
4592	575	
4593	625	
4594	675	
4595	700	
4596	725	
4597	740	
4598	725	
4599	700	
4600	650	
4601	600	
4602	525	
4603	450	
4604	300	
4605	200	
4606	100	
4607	100	
4608	100	
4609	100	
4610	150	
4611	200	
4612	300	
4613	375	
4614	450	
4615	525	
4616	575	
4617	625	
4618	675	
4619	700	
4620	725	
4621	740	
4622	725	
4623	700	
4624	650	
4625	600	
4626	525	
4627	450	
4628	300	
4629	200	
4630	100	
4631	100	
4632	100	
4633	100	
4634	150	
4635	200	
4636	300	
4637	375	
4638	450	
4639	525	
4640	575	
4641	625	
4642	675	
4643	700	
4644	725	
4645	740	
4646	725	
4647	700	
4648	650	
4649	600	
4650	525	
4651	450	
4652	300	
4653	200	
4654	100	
4655	100	
4656	100	
4657	100	
4658	150	
4659	200	
4660	300	
4661	375	
4662	450	
4663	525	
4664	575	
4665	625	
4666	675	
4667	700	
4668	725	
4669	740	
4670	725	
4671	700	
4672	650	
4673	600	
4674	525	
4675	450	
4676	300	
4677	200	
4678	100	
4679	100	
4680	100	
4681	100	
4682	150	
4683	200	
4684	300	
4685	375	
4686	450	
4687	525	
4688	575	
4689	625	
4690	675	
4691	700	
4692	725	
4693	740	
4694	725	
4695	700	
4696	650	
4697	600	
4698	525	
4699	450	
4700	300	
4701	200	
4702	100	
4703	100	
4704	100	
4705	100	
4706	150	
4707	200	
4708	300	
4709	375	
4710	450	
4711	525	
4712	575	
4713	625	
4714	675	
4715	700	
4716	725	
4717	740	
4718	725	
4719	700	
4720	650	
4721	600	
4722	525	
4723	450	
4724	300	
4725	200	
4726	100	
4727	100	
4728	100	
4729	100	
4730	150	
4731	200	
4732	300	
4733	375	
4734	450	
4735	525	
4736	575	
4737	625	
4738	675	
4739	700	
4740	725	
4741	740	
4742	725	
4743	700	
4744	650	
4745	600	
4746	525	
4747	450	
4748	300	
4749	200	
4750	100	
4751	100	
4752	100	
4753	100	
4754	150	
4755	200	
4756	300	
4757	375	
4758	450	
4759	525	
4760	575	
4761	625	
4762	675	
4763	700	
4764	725	
4765	740	
4766	725	
4767	700	
4768	650	
4769	600	
4770	525	
4771	450	
4772	300	
4773	200	
4774	100	
4775	100	
4776	100	
4777	100	
4778	150	
4779	200	
4780	300	
4781	375	
4782	450	
4783	525	
4784	575	
4785	625	
4786	675	
4787	700	
4788	725	
4789	740	
4790	725	
4791	700	
4792	650	
4793	600	
4794	525	
4795	450	
4796	300	
4797	200	
4798	100	
4799	100	
4800	100	
4801	100	
4802	150	
4803	200	
4804	300	
4805	375	
4806	450	
4807	525	
4808	575	
4809	625	
4810	675	
4811	700	
4812	725	
4813	740	
4814	725	
4815	700	
4816	650	
4817	600	
4818	525	
4819	450	
4820	300	
4821	200	
4822	100	
4823	100	
4824	100	
4825	100	
4826	150	
4827	200	
4828	300	
4829	375	
4830	450	
4831	525	
4832	575	
4833	625	
4834	675	
4835	700	
4836	725	
4837	740	
4838	725	
4839	700	
4840	650	
4841	600	
4842	525	
4843	450	
4844	300	
4845	200	
4846	100	
4847	100	
4848	100	
4849	100	
4850	150	
4851	200	
4852	300	
4853	375	
4854	450	
4855	525	
4856	575	
4857	625	
4858	675	
4859	700	
4860	725	
4861	740	
4862	725	
4863	700	
4864	650	
4865	600	
4866	525	
4867	450	
4868	300	
4869	200	
4870	100	
4871	100	
4872	100	
4873	100	
4874	150	
4875	200	
4876	300	
4877	375	
4878	450	
4879	525	
4880	575	
4881	625	
4882	675	
4883	700	
4884	725	
4885	740	
4886	725	
4887	700	
4888	650	
4889	600	
4890	525	
4891	450	
4892	300	
4893	200	
4894	100	
4895	100	
4896	100	
4897	100	
4898	150	
4899	200	
4900	300	
4901	375	
4902	450	
4903	525	
4904	575	
4905	625	
4906	675	
4907	700	
4908	725	
4909	740	
4910	725	
4911	700	
4912	650	
4913	600	
4914	525	
4915	450	
4916	300	
4917	200	
4918	100	
4919	100	
4920	100	
4921	100	
4922	150	
4923	200	
4924	300	
4925	375	
4926	450	
4927	525	
4928	575	
4929	625	
4930	675	
4931	700	
4932	725	
4933	740	
4934	725	
4935	700	
4936	650	
4937	600	
4938	525	
4939	450	
4940	300	
4941	200	
4942	100	
4943	100	
4944	100	
4945	100	
4946	150	
4947	200	
4948	300	
4949	375	
4950	450	
4951	525	
4952	575	
4953	625	
4954	675	
4955	700	
4956	725	
4957	740	
4958	725	
4959	700	
4960	650	
4961	600	
4962	525	
4963	450	
4964	300	
4965	200	
4966	100	
4967	100	
4968	100	
4969	100	
4970	150	
4971	200	
4972	300	
4973	375	
4974	450	
4975	525	
4976	575	
4977	625	
4978	675	
4979	700	
4980	725	
4981	740	
4982	725	
4983	700	
4984	650	
4985	600	
4986	525	
4987	450	
4988	300	
4989	200	
4990	100	
4991	100	
4992	100	
4993	100	
4994	150	
4995	200	
4996	300	
4997	375	
4998	450	
4999	525	
5000	575	
5001	625	
5002	675	
5003	700	
5004	725	
5005	740	
5006	725	
5007	700	
5008	650	
5009	600	
5010	525	
5011	450	
5012	300	
5013	200	
5014	100	
5015	100	
5016	100	
5017	100	
5018	150	
5019	200	
5020	300	
5021	375	
5022	450	
5023	525	
5024	575	
5025	625	
5026	675	
5027	700	
5028	725	
5029	740	
5030	725	
5031	700	
5032	650	
5033	600	
5034	525	
5035	450	
5036	300	
5037	200	
5038	100	
5039	100	
5040	100	
5041	100	
5042	150	
5043	200	
5044	300	
5045	375	
5046	450	
5047	525	
5048	575	
5049	625	
5050	675	
5051	700	
5052	725	
5053	740	
5054	725	
5055	700	
5056	650	
5057	600	
5058	525	
5059	450	
5060	300	
5061	200	
5062	100	
5063	100	
5064	100	
5065	100	
5066	150	
5067	200	
5068	300	
5069	375	
5070	450	
5071	525	
5072	575	
5073	625	
5074	675	
5075	700	
5076	725	
5077	740	
5078	725	
5079	700	
5080	650	
5081	600	
5082	525	
5083	450	
5084	300	
5085	200	
5086	100	
5087	100	
5088	100	
5089	100	
5090	150	
5091	200	
5092	300	
5093	375	
5094	450	
5095	525	
5096	575	
5097	625	
5098	675	
5099	700	
5100	725	
5101	740	
5102	725	
5103	700	
5104	650	
5105	600	
5106	525	
5107	450	
5108	300	
5109	200	
5110	100	
5111	100	
5112	100	
5113	100	
5114	150	
5115	200	
5116	300	
5117	375	
5118	450	
5119	525	
5120	575	
5121	625	
5122	675	
5123	700	
5124	725	
5125	740	
5126	725	
5127	700	
5128	650	
5129	600	
5130	525	
5131	450	
5132	300	
5133	200	
5134	100	
5135	100	
5136	100	
5137	100	
5138	150	
5139	200	
5140	300	
5141	375	
5142	450	
5143	525	
5144	575	
5145	625	
5146	675	
5147	700	
5148	725	
5149	740	
5150	725	
5151	700	
5152	650	
5153	600	
5154	525	
5155	450	
5156	300	
5157	200	
5158	100	
5159	100	
5160	100	
5161	100	
5162	150	
5163	200	
5164	300	
5165	375	
5166	450	
5167	525	
5168	575	
5169	625	
5170	675	
5171	700	
5172	725	
5173	740	
5174	725	
5175	700	
5176	650	
5177	600	
5178	525	
5179	450	
5180	300	
5181	200	
5182	100	
5183	100	
5184	100	
5185	100	
5186	150	
5187	200	
5188	300	
5189	375	
5190	450	
5191	525	
5192	575	
5193	625	
5194	675	
5195	700	
5196	725	
5197	740	
5198	725	
5199	700	
5200	650	
5201	600	
5202	525	
5203	450	
5204	300	
5205	200	
5206	100	
5207	100	
5208	100	
5209	100	
5210	150	
5211	200	
5212	300	
5213	375	
5214	450	
5215	525	
5216	575	
5217	625	
5218	675	
5219	700	
5220	725	
5221	740	
5222	725	
5223	700	
5224	650	
5225	600	
5226	525	
5227	450	
5228	300	
5229	200	
5230	100	
5231	100	
5232	100	
5233	100	
5234	150	
5235	200	
5236	300	
5237	375	
5238	450	
5239	525	
5240	575	
5241	625	
5242	675	
5243	700	
5244	725	
5245	740	
5246	725	
5247	700	
5248	650	
5249	600	
5250	525	
5251	450	
5252	300	
5253	200	
5254	100	
5255	100	
5256	100	
5257	100	
5258	150	
5259	200	
5260	300	
5261	375	
5262	450	
5263	525	
5264	575	
5265	625	
5266	675	
5267	700	
5268	725	
5269	740	
5270	725	
5271	700	
5272	650	
5273	600	
5274	525	
5275	450	
5276	300	
5277	200	
5278	100	
5279	100	
5280	100	
5281	100	
5282	150	
5283	200	
5284	300	
5285	375	
5286	450	
5287	525	
5288	575	
5289	625	
5290	675	
5291	700	
5292	725	
5293	740	
5294	725	
5295	700	
5296	650	
5297	600	
5298	525	
5299	450	
5300	300	
5301	200	
5302	100	
5303	100	
5304	100	
5305	100	
5306	150	
5307	200	
5308	300	
5309	375	
5310	450	
5311	525	
5312	575	
5313	625	
5314	675	
5315	700	
5316	725	
5317	740	
5318	725	
5319	700	
5320	650	
5321	600	
5322	525	
5323	450	
5324	300	
5325	200	
5326	100	
5327	100	
5328	100	
5329	100	
5330	150	
5331	200	
5332	300	
5333	375	
5334	450	
5335	525	
5336	575	
5337	625	
5338	675	
5339	700	
5340	725	
5341	740	
5342	725	
5343	700	
5344	650	
5345	600	
5346	525	
5347	450	
5348	300	
5349	200	
5350	100	
5351	100	
5352	100	
5353	100	
5354	150	
5355	200	
5356	300	
5357	375	
5358	450	
5359	525	
5360	575	
5361	625	
5362	675	
5363	700	
5364	725	
5365	740	
5366	725	
5367	700	
5368	650	
5369	600	
5370	525	
5371	450	
5372	300	
5373	200	
5374	100	
5375	100	
5376	100	
5377	100	
5378	150	
5379	200	
5380	300	
5381	375	
5382	450	
5383	525	
5384	575	
5385	625	
5386	675	
5387	700	
5388	725	
5389	740	
5390	725	
5391	700	
5392	650	
5393	600	
5394	525	
5395	450	
5396	300	
5397	200	
5398	100	
5399	100	
5400	100	
5401	100	
5402	150	
5403	200	
5404	300	
5405	375	
5406	450	
5407	525	
5408	575	
5409	625	
5410	675	
5411	700	
5412	725	
5413	740	
5414	725	
5415	700	
5416	650	
5417	600	
5418	525	
5419	450	
5420	300	
5421	200	
5422	100	
5423	100	
5424	100	
5425	100	
5426	150	
5427	200	
5428	300	
5429	375	
5430	450	
5431	525	
5432	575	
5433	625	
5434	675	
5435	700	
5436	725	
5437	740	
5438	725	
5439	700	
5440	650	
5441	600	
5442	525	
5443	450	
5444	300	
5445	200	
5446	100	
5447	100	
5448	100	
5449	100	
5450	150	
5451	200	
5452	300	
5453	375	
5454	450	
5455	525	
5456	575	
5457	625	
5458	675	
5459	700	
5460	725	
5461	740	
5462	725	
5463	700	
5464	650	
5465	600	
5466	525	
5467	450	
5468	300	
5469	200	
5470	100	
5471	100	
5472	100	
5473	100	
5474	150	
5475	200	
5476	300	
5477	375	
5478	450	
5479	525	
5480	575	
5481	625	
5482	675	
5483	700	
5484	725	
5485	740	
5486	725	
5487	700	
5488	650	
5489	600	
5490	525	
5491	450	
5492	300	
5493	200	
5494	100	
5495	100	
5496	100	
5497	100	
5498	150	
5499	200	
5500	300	
5501	375	
5502	450	
5503	525	
5504	575	
5505	625	
5506	675	
5507	700	
5508	725	
5509	740	
5510	725	
5511	700	
5512	650	
5513	600	
5514	525	
5515	450	
5516	300	
5517	200	
5518	100	
5519	100	
5520	100	
5521	100	
5522	150	
5523	200	
5524	300	
5525	375	
5526	450	
5527	525	
5528	575	
5529	625	
5530	675	
5531	700	
5532	725	
5533	740	
5534	725	
5535	700	
5536	650	
5537	600	
5538	525	
5539	450	
5540	300	
5541	200	
5542	100	
5543	100	
5544	100	
5545	100	
5546	150	
5547	200	
5548	300	
5549	375	
5550	450	
5551	525	
5552	575	
5553	625	
5554	675	
5555	700	
5556	725	
5557	740	
5558	725	
5559	700	
5560	650	
5561	600	
5562	525	
5563	450	
5564	300	
5565	200	
5566	100	
5567	100	
5568	100	
5569	100	
5570	150	
5571	200	
5572	300	
5573	375	
5574	450	
5575	525	
5576	575	
5577	625	
5578	675	
5579	700	
5580	725	
5581	740	
5582	725	
5583	700	
5584	650	
5585	600	
5586	525	
5587	450	
5588	300	
5589	200	
5590	100	
5591	100	
5592	100	
5593	100	
5594	150	
5595	200	
5596	300	
5597	375	
5598	450	
5599	525	
5600	575	
5601	625	
5602	675	
5603	700	
5604	725	
5605	740	
5606	725	
5607	700	
5608	650	
5609	600	
5610	525	
5611	450	
5612	300	
5613	200	
5614	100	
5615	100	
5616	100	
5617	100	
5618	150	
5619	200	
5620	300	
5621	375	
5622	450	
5623	525	
5624	575	
5625	625	
5626	675	
5627	700	
5628	725	
5629	740	
5630	725	
5631	700	
5632	650	
5633	600	
5634	525	
5635	450	
5636	300	
5637	200	
5638	100	
5639	100	
5640	100	
5641	100	
5642	150	
5643	200	
5644	300	
5645	375	
5646	450	
5647	525	
5648	575	
5649	625	
5650	675	
5651	700	
5652	725	
5653	740	
5654	725	
5655	700	
5656	650	
5657	600	
5658	525	
5659	450	
5660	300	
5661	200	
5662	100	
5663	100	
5664	100	
5665	100	
5666	150	
5667	200	
5668	300	
5669	375	
5670	450	
5671	525	
5672	575	
5673	625	
5674	675	
5675	700	
5676	725	
5677	740	
5678	725	
5679	700	
5680	650	
5681	600	
5682	525	
5683	450	
5684	300	
5685	200	
5686	100	
5687	100	
5688	100	
5689	100	
5690	150	
5691	200	
5692	300	
5693	375	
5694	450	
5695	525	
5696	575	
5697	625	
5698	675	
5699	700	
5700	725	
5701	740	
5702	725	
5703	700	
5704	650	
5705	600	
5706	525	
5707	450	
5708	300	
5709	200	
5710	100	
5711	100	
5712	100	
5713	100	
5714	150	
5715	200	
5716	300	
5717	375	
5718	450	
5719	525	
5720	575	
5721	625	
5722	675	
5723	700	
5724	725	
5725	740	
5726	725	
5727	700	
5728	650	
5729	600	
5730	525	
5731	450	
5732	300	
5733	200	
5734	100	
5735	100	
5736	100	
5737	100	
5738	150	
5739	200	
5740	300	
5741	375	
5742	450	
5743	525	
5744	575	
5745	625	
5746	675	
5747	700	
5748	725	
5749	740	
5750	725	
5751	700	
5752	650	
5753	600	
5754	525	
5755	450	
5756	300	
5757	200	
5758	100	
5759	100	
5760	100	
5761	100	
5762	150	
5763	200	
5764	300	
5765	375	
5766	450	
5767	525	
5768	575	
5769	625	
5770	675	
5771	700	
5772	725	
5773	740	
5774	725	
5775	700	
5776	650	
5777	600	
5778	525	
5779	450	
5780	300	
5781	200	
5782	100	
5783	100	
5784	100	
5785	100	
5786	150	
5787	200	
5788	300	
5789	375	
5790	450	
5791	525	
5792	575	
5793	625	
5794	675	
5795	700	
5796	725	
5797	740	
5798	725	
5799	700	
5800	650	
5801	600	
5802	525	
5803	450	
5804	300	
5805	200	
5806	100	
5807	100	
5808	100	
5809	100	
5810	150	
5811	200	
5812	300	
5813	375	
5814	450	
5815	525	
5816	575	
5817	625	
5818	675	
5819	700	
5820	725	
5821	740	
5822	725	
5823	700	
5824	650	
5825	600	
5826	525	
5827	450	
5828	300	
5829	200	
5830	100	
5831	100	
5832	100	
5833	100	
5834	150	
5835	200	
5836	300	
5837	375	
5838	450	
5839	525	
5840	575	
5841	625	
5842	675	
5843	700	
5844	725	
5845	740	
5846	725	
5847	700	
5848	650	
5849	600	
5850	525	
5851	450	
5852	300	
5853	200	
5854	100	
5855	100	
5856	100	
5857	100	
5858	150	
5859	200	
5860	300	
5861	375	
5862	450	
5863	525	
5864	575	
5865	625	
5866	675	
5867	700	
5868	725	
5869	740	
5870	725	
5871	700	
5872	650	
5873	600	
5874	525	
5875	450	
5876	300	
5877	200	
5878	100	
5879	100	
5880	100	
5881	100	
5882	150	
5883	200	
5884	300	
5885	375	
5886	450	
5887	525	
5888	575	
5889	625	
5890	675	
5891	700	
5892	725	
5893	740	
5894	725	
5895	700	
5896	650	
5897	600	
5898	525	
5899	450	
5900	300	
5901	200	
5902	100	
5903	100	
5904	100	
5905	100	
5906	150	
5907	200	
5908	300	
5909	375	
5910	450	
5911	525	
5912	575	
5913	625	
5914	675	
5915	700	
5916	725	
5917	740	
5918	725	
5919	700	
5920	650	
5921	600	
5922	525	
5923	450	
5924	300	
5925	200	
5926	100	
5927	100	
5928	100	
5929	100	
5930	150	
5931	200	
5932	300	
5933	375	
5934	450	
5935	525	
5936	575	
5937	625	
5938	675	
5939	700	
5940	725	
5941	740	
5942	725	
5943	700	
5944	650	
5945	600	
5946	525	
5947	450	
5948	300	
5949	200	
5950	100	
5951	100	
5952	100	
5953	100	
5954	150	
5955	200	
5956	300	
5957	375	
5958	450	
5959	525	
5960	575	
5961	625	
5962	675	
5963	700	
5964	725	
5965	740	
5966	725	
5967	700	
5968	650	
5969	600	
5970	525	
5971	450	
5972	300	
5973	200	
5974	100	
5975	100	
5976	100	
5977	100	
5978	150	
5979	200	
5980	300	
5981	375	
5982	450	
5983	525	
5984	575	
5985	625	
5986	675	
5987	700	
5988	725	
5989	740	
5990	725	
5991	700	
5992	650	
5993	600	
5994	525	
5995	450	
5996	300	
5997	200	
5998	100	
5999	100	
6000	100	
6001	100	
6002	150	
6003	200	
6004	300	
6005	375	
6006	450	
6007	525	
6008	575	
6009	625	
6010	675	
6011	700	
6012	725	
6013	740	
6014	725	
6015	700	
6016	650	
6017	600	
6018	525	
6019	450	
6020	300	
6021	200	
6022	100	
6023	100	
6024	100	
6025	100	
6026	150	
6027	200	
6028	300	
6029	375	
6030	450	
6031	525	
6032	575	
6033	625	
6034	675	
6035	700	
6036	725	
6037	740	
6038	725	
6039	700	
6040	650	
6041	600	
6042	525	
6043	450	
6044	300	
6045	200	
6046	100	
6047	100	
6048	100	
6049	100	
6050	150	
6051	200	
6052	300	
6053	375	
6054	450	
6055	525	
6056	575	
6057	625	
6058	675	
6059	700	
6060	725	
6061	740	
6062	725	
6063	700	
6064	650	
6065	600	
6066	525	
6067	450	
6068	300	
6069	200	
6070	100	
6071	100	
6072	100	
6073	100	
6074	150	
6075	200	
6076	300	
6077	375	
6078	450	
6079	525	
6080	575	
6081	625	
6082	675	
6083	700	
6084	725	
6085	740	
6086	725	
6087	700	
6088	650	
6089	600	
6090	525	
6091	450	
6092	300	
6093	200	
6094	100	
6095	100	
6096	100	
6097	100	
6098	150	
6099	200	
6100	300	
6101	375	
6102	450	
6103	525	
6104	575	
6105	625	
6106	675	
6107	700	
6108	725	
6109	740	
6110	725	
6111	700	
6112	650	
6113	600	
6114	525	
6115	450	
6116	300	
6117	200	
6118	100	
6119	100	
6120	100	
6121	100	
6122	150	
6123	200	
6124	300	
6125	375	
6126	450	
6127	525	
6128	575	
6129	625	
6130	675	
6131	700	
6132	725	
6133	740	
6134	725	
6135	700	
6136	650	
6137	600	
6138	525	
6139	450	
6140	300	
6141	200	
6142	100	
6143	100	
6144	100	
6145	100	
6146	150	
6147	200	
6148	300	
6149	375	
6150	450	
6151	525	
6152	575	
6153	625	
6154	675	
6155	700	
6156	725	
6157	740	
6158	725	
6159	700	
6160	650	
6161	600	
6162	525	
6163	450	
6164	300	
6165	200	
6166	100	
6167	100	
6168	100	
6169	100	
6170	150	
6171	200	
6172	300	
6173	375	
6174	450	
6175	525	
6176	575	
6177	625	
6178	675	
6179	700	
6180	725	
6181	740	
6182	725	
6183	700	
6184	650	
6185	600	
6186	525	
6187	450	
6188	300	
6189	200	
6190	100	
6191	100	
6192	100	
6193	100	
6194	150	
6195	200	
6196	300	
6197	375	
6198	450	
6199	525	
6200	575	
6201	625	
6202	675	
6203	700	
6204	725	
6205	740	
6206	725	
6207	700	
6208	650	
6209	600	
6210	525	
6211	450	
6212	300	
6213	200	
6214	100	
6215	100	
6216	100	
6217	100	
6218	150	
6219	200	
6220	300	
6221	375	
6222	450	
6223	525	
6224	575	
6225	625	
6226	675	
6227	700	
6228	725	
6229	740	
6230	725	
6231	700	
6232	650	
6233	600	
6234	525	
6235	450	
6236	300	
6237	200	
6238	100	
6239	100	
6240	100	
6241	100	
6242	150	
6243	200	
6244	300	
6245	375	
6246	450	
6247	525	
6248	575	
6249	625	
6250	675	
6251	700	
6252	725	
6253	740	
6254	725	
6255	700	
6256	650	
6257	600	
6258	525	
6259	450	
6260	300	
6261	200	
6262	100	
6263	100	
6264	100	
6265	100	
6266	150	
6267	200	
6268	300	
6269	375	
6270	450	
6271	525	
6272	575	
6273	625	
6274	675	
6275	700	
6276	725	
6277	740	
6278	725	
6279	700	
6280	650	
6281	600	
6282	525	
6283	450	
6284	300	
6285	200	
6286	100	
6287	100	
6288	100	
6289	100	
6290	150	
6291	200	
6292	300	
6293	375	
6294	450	
6295	525	
6296	575	
6297	625	
6298	675	
6299	700	
6300	725	
6301	740	
6302	725	
6303	700	
6304	650	
6305	600	
6306	525	
6307	450	
6308	300	
6309	200	
6310	100	
6311	100	
6312	100	
6313	100	
6314	150	
6315	200	
6316	300	
6317	375	
6318	450	
6319	525	
6320	575	
6321	625	
6322	675	
6323	700	
6324	725	
6325	740	
6326	725	
6327	700	
6328	650	
6329	600	
6330	525	
6331	450	
6332	300	
6333	200	
6334	100	
6335	100	
6336	100	
6337	100	
6338	150	
6339	200	
6340	300	
6341	375	
6342	450	
6343	525	
6344	575	
6345	625	
6346	675	
6347	700	
6348	725	
6349	740	
6350	725	
6351	700	
6352	650	
6353	600	
6354	525	
6355	450	
6356	300	
6357	200	
6358	100	
6359	100	
6360	100	
6361	100	
6362	150	
6363	200	
6364	300	
6365	375	
6366	450	
6367	525	
6368	575	
6369	625	
6370	675	
6371	700	
6372	725	
6373	740	
6374	725	
6375	700	
6376	650	
6377	600	
6378	525	
6379	450	
6380	300	
6381	200	
6382	100	
6383	100	
6384	100	
6385	100	
6386	150	
6387	200	
6388	300	
6389	375	
6390	450	
6391	525	
6392	575	
6393	625	
6394	675	
6395	700	
6396	725	
6397	740	
6398	725	
6399	700	
6400	650	
6401	600	
6402	525	
6403	450	
6404	300	
6405	200	
6406	100	
6407	100	
6408	100	
6409	100	
6410	150	
6411	200	
6412	300	
6413	375	
6414	450	
6415	525	
6416	575	
6417	625	
6418	675	
6419	700	
6420	725	
6421	740	
6422	725	
6423	700	
6424	650	
6425	600	
6426	525	
6427	450	
6428	300	
6429	200	
6430	100	
6431	100	
6432	100	
6433	100	
6434	150	
6435	200	
6436	300	
6437	375	
6438	450	
6439	525	
6440	575	
6441	625	
6442	675	
6443	700	
6444	725	
6445	740	
6446	725	
6447	700	
6448	650	
6449	600	
6450	525	
6451	450	
6452	300	
6453	200	
6454	100	
6455	100	
6456	100	
6457	100	
6458	150	
6459	200	
6460	300	
6461	375	
6462	450	
6463	525	
6464	575	
6465	625	
6466	675	
6467	700	
6468	725	
6469	740	
6470	725	
6471	700	
6472	650	
6473	600	
6474	525	
6475	450	
6476	300	
6477	200	
6478	100	
6479	100	
6480	100	
6481	100	
6482	150	
6483	200	
6484	300	
6485	375	
6486	450	
6487	525	
6488	575	
6489	625	
6490	675	
6491	700	
6492	725	
6493	740	
6494	725	
6495	700	
6496	650	
6497	600	
6498	525	
6499	450	
6500	300	
6501	200	
6502	100	
6503	100	
6504	100	
6505	100	
6506	150	
6507	200	
6508	300	
6509	375	
6510	450	
6511	525	
6512	575	
6513	625	
6514	675	
6515	700	
6516	725	
6517	740	
6518	725	
6519	700	
6520	650	
6521	600	
6522	525	
6523	450	
6524	300	
6525	200	
6526	100	
6527	100	
6528	100	
6529	100	
6530	150	
6531	200	
6532	300	
6533	375	
6534	450	
6535	525	
6536	575	
6537	625	
6538	675	
6539	700	
6540	725	
6541	740	
6542	725	
6543	700	
6544	650	
6545	600	
6546	525	
6547	450	
6548	300	
6549	200	
6550	100	
6551	100	
6552	100	
6553	100	
6554	150	
6555	200	
6556	300	
6557	375	
6558	450	
6559	525	
6560	575	
6561	625	
6562	675	
6563	700	
6564	725	
6565	740	
6566	725	
6567	700	
6568	650	
6569	600	
6570	525	
6571	450	
6572	300	
6573	200	
6574	100	
6575	100	
6576	100	
6577	100	
6578	150	
6579	200	
6580	300	
6581	375	
6582	450	
6583	525	
6584	575	
6585	625	
6586	675	
6587	700	
6588	725	
6589	740	
6590	725	
6591	700	
6592	650	
6593	600	
6594	525	
6595	450	
6596	300	
6597	200	
6598	100	
6599	100	
6600	100	
6601	100	
6602	150	
6603	200	
6604	300	
6605	375	
6606	450	
6607	525	
6608	575	
6609	625	
6610	675	
6611	700	
6612	725	
6613	740	
6614	725	
6615	700	
6616	650	
6617	600	
6618	525	
6619	450	
6620	300	
6621	200	
6622	100	
6623	100	
6624	100	
6625	100	
6626	150	
6627	200	
6628	300	
6629	375	
6630	450	
6631	525	
6632	575	
6633	625	
6634	675	
6635	700	
6636	725	
6637	740	
6638	725	
6639	700	
6640	650	
6641	600	
6642	525	
6643	450	
6644	300	
6645	200	
6646	100	
6647	100	
6648	100	
6649	100	
6650	150	
6651	200	
6652	300	
6653	375	
6654	450	
6655	525	
6656	575	
6657	625	
6658	675	
6659	700	
6660	725	
6661	740	
6662	725	
6663	700	
6664	650	
6665	600	
6666	525	
6667	450	
6668	300	
6669	200	
6670	100	
6671	100	
6672	100	
6673	100	
6674	150	
6675	200	
6676	300	
6677	375	
6678	450	
6679	525	
6680	575	
6681	625	
6682	675	
6683	700	
6684	725	
6685	740	
6686	725	
6687	700	
6688	650	
6689	600	
6690	525	
6691	450	
6692	300	
6693	200	
6694	100	
6695	100	
6696	100	
6697	100	
6698	150	
6699	200	
6700	300	
6701	375	
6702	450	
6703	525	
6704	575	
6705	625	
6706	675	
6707	700	
6708	725	
6709	740	
6710	725	
6711	700	
6712	650	
6713	600	
6714	525	
6715	450	
6716	300	
6717	200	
6718	100	
6719	100	
6720	100	
6721	100	
6722	150	
6723	200	
6724	300	
6725	375	
6726	450	
6727	525	
6728	575	
6729	625	
6730	675	
6731	700	
6732	725	
6733	740	
6734	725	
6735	700	
6736	650	
6737	600	
6738	525	
6739	450	
6740	300	
6741	200	
6742	100	
6743	100	
6744	100	
6745	100	
6746	150	
6747	200	
6748	300	
6749	375	
6750	450	
6751	525	
6752	575	
6753	625	
6754	675	
6755	700	
6756	725	
6757	740	
6758	725	
6759	700	
6760	650	
6761	600	
6762	525	
6763	450	
6764	300	
6765	200	
6766	100	
6767	100	
6768	100	
6769	100	
6770	150	
6771	200	
6772	300	
6773	375	
6774	450	
6775	525	
6776	575	
6777	625	
6778	675	
6779	700	
6780	725	
6781	740	
6782	725	
6783	700	
6784	650	
6785	600	
6786	525	
6787	450	
6788	300	
6789	200	
6790	100	
6791	100	
6792	100	
6793	100	
6794	150	
6795	200	
6796	300	
6797	375	
6798	450	
6799	525	
6800	575	
6801	625	
6802	675	
6803	700	
6804	725	
6805	740	
6806	725	
6807	700	
6808	650	
6809	600	
6810	525	
6811	450	
6812	300	
6813	200	
6814	100	
6815	100	
6816	100	
6817	100	
6818	150	
6819	200	
6820	300	
6821	375	
6822	450	
6823	525	
6824	575	
6825	625	
6826	675	
6827	700	
6828	725	
6829	740	
6830	725	
6831	700	
6832	650	
6833	600	
6834	525	
6835	450	
6836	300	
6837	200	
6838	100	
6839	100	
6840	100	
6841	100	
6842	150	
6843	200	
6844	300	
6845	375	
6846	450	
6847	525	
6848	575	
6849	625	
6850	675	
6851	700	
6852	725	
6853	740	
6854	725	
6855	700	
6856	650	
6857	600	
6858	525	
6859	450	
6860	300	
6861	200	
6862	100	
6863	100	
6864	100	
6865	100	
6866	150	
6867	200	
6868	300	
6869	375	
6870	450	
6871	525	
6872	575	
6873	625	
6874	675	
6875	700	
6876	725	
6877	740	
6878	725	
6879	700	
6880	650	
6881	600	
6882	525	
6883	450	
6884	300	
6885	200	
6886	100	
6887	100	
6888	100	
6889	100	
6890	150	
6891	200	
6892	300	
6893	375	
6894	450	
6895	525	
6896	575	
6897	625	
6898	675	
6899	700	
6900	725	
6901	740	
6902	725	
6903	700	
6904	650	
6905	600	
6906	525	
6907	450	
6908	300	
6909	200	
6910	100	
6911	100	
6912	100	
6913	100	
6914	150	
6915	200	
6916	300	
6917	375	
6918	450	
6919	525	
6920	575	
6921	625	
6922	675	
6923	700	
6924	725	
6925	740	
6926	725	
6927	700	
6928	650	
6929	600	
6930	525	
6931	450	
6932	300	
6933	200	
6934	100	
6935	100	
6936	100	
6937	100	
6938	150	
6939	200	
6940	300	
6941	375	
6942	450	
6943	525	
6944	575	
6945	625	
6946	675	
6947	700	
6948	725	
6949	740	
6950	725	
6951	700	
6952	650	
6953	600	
6954	525	
6955	450	
6956	300	
6957	200	
6958	100	
6959	100	
6960	100	
6961	100	
6962	150	
6963	200	
6964	300	
6965	375	
6966	450	
6967	525	
6968	575	
6969	625	
6970	675	
6971	700	
6972	725	
6973	740	
6974	725	
6975	700	
6976	650	
6977	600	
6978	525	
6979	450	
6980	300	
6981	200	
6982	100	
6983	100	
6984	100	
6985	100	
6986	150	
6987	200	
6988	300	
6989	375	
6990	450	
6991	525	
6992	575	
6993	625	
6994	675	
6995	700	
6996	725	
6997	740	
6998	725	
6999	700	
7000	650	
7001	600	
7002	525	
7003	450	
7004	300	
7005	200	
7006	100	
7007	100	
7008	100	
7009	100	
7010	150	
7011	200	
7012	300	
7013	375	
7014	450	
7015	525	
7016	575	
7017	625	
7018	675	
7019	700	
7020	725	
7021	740	
7022	725	
7023	700	
7024	650	
7025	600	
7026	525	
7027	450	
7028	300	
7029	200	
7030	100	
7031	100	
7032	100	
7033	100	
7034	150	
7035	200	
7036	300	
7037	375	
7038	450	
7039	525	
7040	575	
7041	625	
7042	675	
7043	700	
7044	725	
7045	740	
7046	725	
7047	700	
7048	650	
7049	600	
7050	525	
7051	450	
7052	300	
7053	200	
7054	100	
7055	100	
7056	100	
7057	100	
7058	150	
7059	200	
7060	300	
7061	375	
7062	450	
7063	525	
7064	575	
7065	625	
7066	675	
7067	700	
7068	725	
7069	740	
7070	725	
7071	700	
7072	650	
7073	600	
7074	525	
7075	450	
7076	300	
7077	200	
7078	100	
7079	100	
7080	100	
7081	100	
7082	150	
7083	200	
7084	300	
7085	375	
7086	450	
7087	525	
7088	575	
7089	625	
7090	675	
7091	700	
7092	725	
7093	740	
7094	725	
7095	700	
7096	650	
7097	600	
7098	525	
7099	450	
7100	300	
7101	200	
7102	100	
7103	100	
7104	100	
7105	100	
7106	150	
7107	200	
7108	300	
7109	375	
7110	450	
7111	525	
7112	575	
7113	625	
7114	675	
7115	700	
7116	725	
7117	740	
7118	725	
7119	700	
7120	650	
7121	600	
7122	525	
7123	450	
7124	300	
7125	200	
7126	100	
7127	100	
7128	100	
7129	100	
7130	150	
7131	200	
7132	300	
7133	375	
7134	450	
7135	525	
7136	575	
7137	625	
7138	675	
7139	700	
7140	725	
7141	740	
7142	725	
7143	700	
7144	650	
7145	600	
7146	525	
7147	450	
7148	300	
7149	200	
7150	100	
7151	100	
7152	100	
7153	100	
7154	150	
7155	200	
7156	300	
7157	375	
7158	450	
7159	525	
7160	575	
7161	625	
7162	675	
7163	700	
7164	725	
7165	740	
7166	725	
7167	700	
7168	650	
7169	600	
7170	525	
7171	450	
7172	300	
7173	200	
7174	100	
7175	100	
7176	100	
7177	100	
7178	150	
7179	200	
7180	300	
7181	375	
7182	450	
7183	525	
7184	575	
7185	625	
7186	675	
7187	700	
7188	725	
7189	740	
7190	725	
7191	700	
7192	650	
7193	600	
7194	525	
7195	450	
7196	300	
7197	200	
7198	100	
7199	100	
7200	100	
7201	100	
7202	150	
7203	200	
7204	300	
7205	375	
7206	450	
7207	525	
7208	575	
7209	625	
7210	675	
7211	700	
7212	725	
7213	740	
7214	725	
7215	700	
7216	650	
7217	600	
7218	525	
7219	450	
7220	300	
7221	200	
7222	100	
7223	100	
7224	100	
7225	100	
7226	150	
7227	200	
7228	300	
7229	375	
7230	450	
7231	525	
7232	575	
7233	625	
7234	675	
7235	700	
7236	725	
7237	740	
7238	725	
7239	700	
7240	650	
7241	600	
7242	525	
7243	450	
7244	300	
7245	200	
7246	100	
7247	100	
7248	100	
7249	100	
7250	150	
7251	200	
7252	300	
7253	375	
7254	450	
7255	525	
7256	575	
7257	625	
7258	675	
7259	700	
7260	725	
7261	740	
7262	725	
7263	700	
7264	650	
7265	600	
7266	525	
7267	450	
7268	300	
7269	200	
7270	100	
7271	100	
7272	100	
7273	100	
7274	150	
7275	200	
7276	300	
7277	375	
7278	450	
7279	525	
7280	575	
7281	625	
7282	675	
7283	700	
7284	725	
7285	740	
7286	725	
7287	700	
7288	650	
7289	600	
7290	525	
7291	450	
7292	300	
7293	200	
7294	100	
7295	100	
7296	100	
7297	100	
7298	150	
7299	200	
7300	300	
7301	375	
7302	450	
7303	525	
7304	575	
7305	625	
7306	675	
7307	700	
7308	725	
7309	740	
7310	725	
7311	700	
7312	650	
7313	600	
7314	525	
7315	450	
7316	300	
7317	200	
7318	100	
7319	100	
7320	100	
7321	100	
7322	150	
7323	200	
7324	300	
7325	375	
7326	450	
7327	525	
7328	575	
7329	625	
7330	675	
7331	700	
7332	725	
7333	740	
7334	725	
7335	700	
7336	650	
7337	600	
7338	525	
7339	450	
7340	300	
7341	200	
7342	100	
7343	100	
7344	100	
7345	100	
7346	150	
7347	200	
7348	300	
7349	375	
7350	450	
7351	525	
7352	575	
7353	625	
7354	675	
7355	700	
7356	725	
7357	740	
7358	725	
7359	700	
7360	650	
7361	600	
7362	525	
7363	450	
7364	300	
7365	200	
7366	100	
7367	100	
7368	100	
7369	100	
7370	150	
7371	200	
7372	300	
7373	375	
7374	450	
7375	525	
7376	575	
7377	625	
7378	675	
7379	700	
7380	725	
7381	740	
7382	725	
7383	700	
7384	650	
7385	600	
7386	525	
7387	450	
7388	300	
7389	200	
7390	100	
7391	100	
7392	100	
7393	100	
7394	150	
7395	200	
7396	300	
7397	375	
7398	450	
7399	525	
7400	575	
7401	625	
7402	675	
7403	700	
7404	725	
7405	740	
7406	725	
7407	700	
7408	650	
7409	600	
7410	525	
7411	450	
7412	300	
7413	200	
7414	100	
7415	100	
7416	100	
7417	100	
7418	150	
7419	200	
7420	300	
7421	375	
7422	450	
7423	525	
7424	575	
7425	625	
7426	675	
7427	700	
7428	725	
7429	740	
7430	725	
7431	700	
7432	650	
7433	600	
7434	525	
7435	450	
7436	300	
7437	200	
7438	100	
7439	100	
7440	100	
7441	100	
7442	150	
7443	200	
7444	300	
7445	375	
7446	450	
7447	525	
7448	575	
7449	625	
7450	675	
7451	700	
7452	725	
7453	740	
7454	725	
7455	700	
7456	650	
7457	600	
7458	525	
7459	450	
7460	300	
7461	200	
7462	100	
7463	100	
7464	100	
7465	100	
7466	150	
7467	200	
7468	300	
7469	375	
7470	450	
7471	525	
7472	575	
7473	625	
7474	675	
7475	700	
7476	725	
7477	740	
7478	725	
7479	700	
7480	650	
7481	600	
7482	525	
7483	450	
7484	300	
7485	200	
7486	100	
7487	100	
7488	100	
7489	100	
7490	150	
7491	200	
7492	300	
7493	375	
7494	450	
7495	525	
7496	575	
7497	625	
7498	675	
7499	700	
7500	725	
7501	740	
7502	725	
7503	700	
7504	650	
7505	600	
7506	525	
7507	450	
7508	300	
7509	200	
7510	100	
7511	100	
7512	100	
7513	100	
7514	150	
7515	200	
7516	300	
7517	375	
7518	450	
7519	525	
7520	575	
7521	625	
7522	675	
7523	700	
7524	725	
7525	740	
7526	725	
7527	700	
7528	650	
7529	600	
7530	525	
7531	450	
7532	300	
7533	200	
7534	100	
7535	100	
7536	100	
7537	100	
7538	150	
7539	200	
7540	300	
7541	375	
7542	450	
7543	525	
7544	575	
7545	625	
7546	675	
7547	700	
7548	725	
7549	740	
7550	725	
7551	700	
7552	650	
7553	600	
7554	525	
7555	450	
7556	300	
7557	200	
7558	100	
7559	100	
7560	100	
7561	100	
7562	150	
7563	200	
7564	300	
7565	375	
7566	450	
7567	525	
7568	575	
7569	625	
7570	675	
7571	700	
7572	725	
7573	740	
7574	725	
7575	700	
7576	650	
7577	600	
7578	525	
7579	450	
7580	300	
7581	200	
7582	100	
7583	100	
7584	100	
7585	100	
7586	150	
7587	200	
7588	300	
7589	375	
7590	450	
7591	525	
7592	575	
7593	625	
7594	675	
7595	700	
7596	725	
7597	740	
7598	725	
7599	700	
7600	650	
7601	600	
7602	525	
7603	450	
7604	300	
7605	200	
7606	100	
7607	100	
7608	100	
7609	100	
7610	150	
7611	200	
7612	300	
7613	375	
7614	450	
7615	525	
7616	575	
7617	625	
7618	675	
7619	700	
7620	725	
7621	740	
7622	725	
7623	700	
7624	650	
7625	600	
7626	525	
7627	450	
7628	300	
7629	200	
7630	100	
7631	100	
7632	100	
7633	100	
7634	150	
7635	200	
7636	300	
7637	375	
7638	450	
7639	525	
7640	575	
7641	625	
7642	675	
7643	700	
7644	725	
7645	740	
7646	725	
7647	700	
7648	650	
7649	600	
7650	525	
7651	450	
7652	300	
7653	200	
7654	100	
7655	100	
7656	100	
7657	100	
7658	150	
7659	200	
7660	300	
7661	375	
7662	450	
7663	525	
7664	575	
7665	625	
7666	675	
7667	700	
7668	725	
7669	740	
7670	725	
7671	700	
7672	650	
7673	600	
7674	525	
7675	450	
7676	300	
7677	200	
7678	100	
7679	100	
7680	100	
7681	100	
7682	150	
7683	200	
7684	300	
7685	375	
7686	450	
7687	525	
7688	575	
7689	625	
7690	675	
7691	700	
7692	725	
7693	740	
7694	725	
7695	700	
7696	650	
7697	600	
7698	525	
7699	450	
7700	300	
7701	200	
7702	100	
7703	100	
7704	100	
7705	100	
7706	150	
7707	200	
7708	300	
7709	375	
7710	450	
7711	525	
7712	575	
7713	625	
7714	675	
7715	700	
7716	725	
7717	740	
7718	725	
7719	700	
7720	650	
7721	600	
7722	525	
7723	450	
7724	300	
7725	200	
7726	100	
7727	100	
7728	100	
7729	100	
7730	150	
7731	200	
7732	300	
7733	375	
7734	450	
7735	525	
7736	575	
7737	625	
7738	675	
7739	700	
7740	725	
7741	740	
7742	725	
7743	700	
7744	650	
7745	600	
7746	525	
7747	450	
7748	300	
7749	200	
7750	100	
7751	100	
7752	100	
7753	100	
7754	150	
7755	200	
7756	300	
7757	375	
7758	450	
7759	525	
7760	575	
7761	625	
7762	675	
7763	700	
7764	725	
7765	740	
7766	725	
7767	700	
7768	650	
7769	600	
7770	525	
7771	450	
7772	300	
7773	200	
7774	100	
7775	100	
7776	100	
7777	100	
7778	150	
7779	200	
7780	300	
7781	375	
7782	450	
7783	525	
7784	575	
7785	625	
7786	675	
7787	700	
7788	725	
7789	740	
7790	725	
7791	700	
7792	650	
7793	600	
7794	525	
7795	450	
7796	300	
7797	200	
7798	100	
7799	100	
7800	100	
7801	100	
7802	150	
7803	200	
7804	300	
7805	375	
7806	450	
7807	525	
7808	575	
7809	625	
7810	675	
7811	700	
7812	725	
7813	740	
7814	725	
7815	700	
7816	650	
7817	600	
7818	525	
7819	450	
7820	300	
7821	200	
7822	100	
7823	100	
7824	100	
7825	100	
7826	150	
7827	200	
7828	300	
7829	375	
7830	450	
7831	525	
7832	575	
7833	625	
7834	675	
7835	700	
7836	725	
7837	740	
7838	725	
7839	700	
7840	650	
7841	600	
7842	525	
7843	450	
7844	300	
7845	200	
7846	100	
7847	100	
7848	100	
7849	100	
7850	150	
7851	200	
7852	300	
7853	375	
7854	450	
7855	525	
7856	575	
7857	625	
7858	675	
7859	700	
7860	725	
7861	740	
7862	725	
7863	700	
7864	650	
7865	600	
7866	525	
7867	450	
7868	300	
7869	200	
7870	100	
7871	100	
7872	100	
7873	100	
7874	150	
7875	200	
7876	300	
7877	375	
7878	450	
7879	525	
7880	575	
7881	625	
7882	675	
7883	700	
7884	725	
7885	740	
7886	725	
7887	700	
7888	650	
7889	600	
7890	525	
7891	450	
7892	300	
7893	200	
7894	100	
7895	100	
7896	100	
7897	100	
7898	150	
7899	200	
7900	300	
7901	375	
7902	450	
7903	525	
7904	575	
7905	625	
7906	675	
7907	700	
7908	725	
7909	740	
7910	725	
7911	700	
7912	650	
7913	600	
7914	525	
7915	450	
7916	300	
7917	200	
7918	100	
7919	100	
7920	100	
7921	100	
7922	150	
7923	200	
7924	300	
7925	375	
7926	450	
7927	525	
7928	575	
7929	625	
7930	675	
7931	700	
7932	725	
7933	740	
7934	725	
7935	700	
7936	650	
7937	600	
7938	525	
7939	450	
7940	300	
7941	200	
7942	100	
7943	100	
7944	100	
7945	100	
7946	150	
7947	200	
7948	300	
7949	375	
7950	450	
7951	525	
7952	575	
7953	625	
7954	675	
7955	700	
7956	725	
7957	740	
7958	725	
7959	700	
7960	650	
7961	600	
7962	525	
7963	450	
7964	300	
7965	200	
7966	100	
7967	100	
7968	100	
7969	100	
7970	150	
7971	200	
7972	300	
7973	375	
7974	450	
7975	525	
7976	575	
7977	625	
7978	675	
7979	700	
7980	725	
7981	740	
7982	725	
7983	700	
7984	650	
7985	600	
7986	525	
7987	450	
7988	300	
7989	200	
7990	100	
7991	100	
7992	100	
7993	100	
7994	150	
7995	200	
7996	300	
7997	375	
7998	450	
7999	525	
8000	575	
8001	625	
8002	675	
8003	700	
8004	725	
8005	740	
8006	725	
8007	700	
8008	650	
8009	600	
8010	525	
8011	450	
8012	300	
8013	200	
8014	100	
8015	100	
8016	100	
8017	100	
8018	150	
8019	200	
8020	300	
8021	375	
8022	450	
8023	525	
8024	575	
8025	625	
8026	675	
8027	700	
8028	725	
8029	740	
8030	725	
8031	700	
8032	650	
8033	600	
8034	525	
8035	450	
8036	300	
8037	200	
8038	100	
8039	100	
8040	100	
8041	100	
8042	150	
8043	200	
8044	300	
8045	375	
8046	450	
8047	525	
8048	575	
8049	625	
8050	675	
8051	700	
8052	725	
8053	740	
8054	725	
8055	700	
8056	650	
8057	600	
8058	525	
8059	450	
8060	300	
8061	200	
8062	100	
8063	100	
8064	100	
8065	100	
8066	150	
8067	200	
8068	300	
8069	375	
8070	450	
8071	525	
8072	575	
8073	625	
8074	675	
8075	700	
8076	725	
8077	740	
8078	725	
8079	700	
8080	650	
8081	600	
8082	525	
8083	450	
8084	300	
8085	200	
8086	100	
8087	100	
8088	100	
8089	100	
8090	150	
8091	200	
8092	300	
8093	375	
8094	450	
8095	525	
8096	575	
8097	625	
8098	675	
8099	700	
8100	725	
8101	740	
8102	725	
8103	700	
8104	650	
8105	600	
8106	525	
8107	450	
8108	300	
8109	200	
8110	100	
8111	100	
8112	100	
8113	100	
8114	150	
8115	200	
8116	300	
8117	375	
8118	450	
8119	525	
8120	575	
8121	625	
8122	675	
8123	700	
8124	725	
8125	740	
8126	725	
8127	700	
8128	650	
8129	600	
8130	525	
8131	450	
8132	300	
8133	200	
8134	100	
8135	100	
8136	100	
8137	100	
8138	150	
8139	200	
8140	300	
8141	375	
8142	450	
8143	525	
8144	575	
8145	625	
8146	675	
8147	700	
8148	725	
8149	740	
8150	725	
8151	700	
8152	650	
8153	600	
8154	525	
8155	450	
8156	300	
8157	200	
8158	100	
8159	100	
8160	100	
8161	100	
8162	150	
8163	200	
8164	300	
8165	375	
8166	450	
8167	525	
8168	575	
8169	625	
8170	675	
8171	700	
8172	725	
8173	740	
8174	725	
8175	700	
8176	650	
8177	600	
8178	525	
8179	450	
8180	300	
8181	200	
8182	100	
8183	100	
8184	100	
8185	100	
8186	150	
8187	200	
8188	300	
8189	375	
8190	450	
8191	525	
8192	575	
8193	625	
8194	675	
8195	700	
8196	725	
8197	740	
8198	725	
8199	700	
8200	650	
8201	600	
8202	525	
8203	450	
8204	300	
8205	200	
8206	100	
8207	100	
8208	100	
8209	100	
8210	150	
8211	200	
8212	300	
8213	375	
8214	450	
8215	525	
8216	575	
8217	625	
8218	675	
8219	700	
8220	725	
8221	740	
8222	725	
8223	700	
8224	650	
8225	600	
8226	525	
8227	450	
8228	300	
8229	200	
8230	100	
8231	100	
8232	100	
8233	100	
8234	150	
8235	200	
8236	300	
8237	375	
8238	450	
8239	525	
8240	575	
8241	625	
8242	675	
8243	700	
8244	725	
8245	740	
8246	725	
8247	700	
8248	650	
8249	600	
8250	525	
8251	450	
8252	300	
8253	200	
8254	100	
8255	100	
8256	100	
8257	100	
8258	150	
8259	200	
8260	300	
8261	375	
8262	450	
8263	525	
8264	575	
8265	625	
8266	675	
8267	700	
8268	725	
8269	740	
8270	725	
8271	700	
8272	650	
8273	600	
8274	525	
8275	450	
8276	300	
8277	200	
8278	100	
8279	100	
8280	100	
8281	100	
8282	150	
8283	200	
8284	300	
8285	375	
8286	450	
8287	525	
8288	575	
8289	625	
8290	675	
8291	700	
8292	725	
8293	740	
8294	725	
8295	700	
8296	650	
8297	600	
8298	525	
8299	450	
8300	300	
8301	200	
8302	100	
8303	100	
8304	100	
8305	100	
8306	150	
8307	200	
8308	300	
8309	375	
8310	450	
8311	525	
8312	575	
8313	625	
8314	675	
8315	700	
8316	725	
8317	740	
8318	725	
8319	700	
8320	650	
8321	600	
8322	525	
8323	450	
8324	300	
8325	200	
8326	100	
8327	100	
8328	100	
8329	100	
8330	150	
8331	200	
8332	300	
8333	375	
8334	450	
8335	525	
8336	575	
8337	625	
8338	675	
8339	700	
8340	725	
8341	740	
8342	725	
8343	700	
8344	650	
8345	600	
8346	525	
8347	450	
8348	300	
8349	200	
8350	100	
8351	100	
8352	100	
8353	100	
8354	150	
8355	200	
8356	300	
8357	375	
8358	450	
8359	525	
8360	575	
8361	625	
8362	675	
8363	700	
8364	725	
8365	740	
8366	725	
8367	700	
8368	650	
8369	600	
8370	525	
8371	450	
8372	300	
8373	200	
8374	100	
8375	100	
8376	100	
8377	100	
8378	150	
8379	200	
8380	300	
8381	375	
8382	450	
8383	525	
8384	575	
8385	625	
8386	675	
8387	700	
8388	725	
8389	740	
8390	725	
8391	700	
8392	650	
8393	600	
8394	525	
8395	450	
8396	300	
8397	200	
8398	100	
8399	100	
8400	100	
8401	100	
8402	150	
8403	200	
8404	300	
8405	375	
8406	450	
8407	525	
8408	575	
8409	625	
8410	675	
8411	700	
8412	725	
8413	740	
8414	725	
8415	700	
8416	650	
8417	600	
8418	525	
8419	450	
8420	300	
8421	200	
8422	100	
8423	100	
8424	100	
8425	100	
8426	150	
8427	200	
8428	300	
8429	375	
8430	450	
8431	525	
8432	575	
8433	625	
8434	675	
8435	700	
8436	725	
8437	740	
8438	725	
8439	700	
8440	650	
8441	600	
8442	525	
8443	450	
8444	300	
8445	200	
8446	100	
8447	100	
8448	100	
8449	100	
8450	150	
8451	200	
8452	300	
8453	375	
8454	450	
8455	525	
8456	575	
8457	625	
8458	675	
8459	700	
8460	725	
8461	740	
8462	725	
8463	700	
8464	650	
8465	600	
8466	525	
8467	450	
8468	300	
8469	200	
8470	100	
8471	100	
8472	100	
8473	100	
8474	150	
8475	200	
8476	300	
8477	375	
8478	450	
8479	525	
8480	575	
8481	625	
8482	675	
8483	700	
8484	725	
8485	740	
8486	725	
8487	700	
8488	650	
8489	600	
8490	525	
8491	450	
8492	300	
8493	200	
8494	100	
8495	100	
8496	100	
8497	100	
8498	150	
8499	200	
8500	300	
8501	375	
8502	450	
8503	525	
8504	575	
8505	625	
8506	675	
8507	700	
8508	725	
8509	740	
8510	725	
8511	700	
8512	650	
8513	600	
8514	525	
8515	450	
8516	300	
8517	200	
8518	100	
8519	100	
8520	100	
8521	100	
8522	150	
8523	200	
8524	300	
8525	375	
8526	450	
8527	525	
8528	575	
8529	625	
8530	675	
8531	700	
8532	725	
8533	740	
8534	725	
8535	700	
8536	650	
8537	600	
8538	525	
8539	450	
8540	300	
8541	200	
8542	100	
8543	100	
8544	100	
8545	100	
8546	150	
8547	200	
8548	300	
8549	375	
8550	450	
8551	525	
8552	575	
8553	625	
8554	675	
8555	700	
8556	725	
8557	740	
8558	725	
8559	700	
8560	650	
8561	600	
8562	525	
8563	450	
8564	300	
8565	200	
8566	100	
8567	100	
8568	100	
8569	100	
8570	150	
8571	200	
8572	300	
8573	375	
8574	450	
8575	525	
8576	575	
8577	625	
8578	675	
8579	700	
8580	725	
8581	740	
8582	725	
8583	700	
8584	650	
8585	600	
8586	525	
8587	450	
8588	300	
8589	200	
8590	100	
8591	100	
8592	100	
8593	100	
8594	150	
8595	200	
8596	300	
8597	375	
8598	450	
8599	525	
8600	575	
8601	625	
8602	675	
8603	700	
8604	725	
8605	740	
8606	725	
8607	700	
8608	650	
8609	600	
8610	525	
8611	450	
8612	300	
8613	200	
8614	100	
8615	100	
8616	100	
8617	100	
8618	150	
8619	200	
8620	300	
8621	375	
8622	450	
8623	525	
8624	575	
8625	625	
8626	675	
8627	700	
8628	725	
8629	740	
8630	725	
8631	700	
8632	650	
8633	600	
8634	525	
8635	450	
8636	300	
8637	200	
8638	100	
8639	100	
8640	100	
8641	100	
8642	150	
8643	200	
8644	300	
8645	375	
8646	450	
8647	525	
8648	575	
8649	625	
8650	675	
8651	700	
8652	725	
8653	740	
8654	725	
8655	700	
8656	650	
8657	600	
8658	525	
8659	450	
8660	300	
8661	200	
8662	100	
8663	100	
8664	100	
8665	100	
8666	150	
8667	200	
8668	300	
8669	375	
8670	450	
8671	525	
8672	575	
8673	625	
8674	675	
8675	700	
8676	725	
8677	740	
8678	725	
8679	700	
8680	650	
8681	600	
8682	525	
8683	450	
8684	300	
8685	200	
8686	100	
8687	100	
8688	100	
8689	100	
8690	150	
8691	200	
8692	300	
8693	375	
8694	450	
8695	525	
8696	575	
8697	625	
8698	675	
8699	700	
8700	725	
8701	740	
8702	725	
8703	700	
8704	650	
8705	600	
8706	525	
8707	450	
8708	300	
8709	200	
8710	100	
8711	100	
8712	100	
8713	100	
8714	150	
8715	200	
8716	300	
8717	375	
8718	450	
8719	525	
8720	575	
8721	625	
8722	675	
8723	700	
8724	725	
8725	740	
8726	725	
8727	700	
8728	650	
8729	600	
8730	525	
8731	450	
8732	300	
8733	200	
8734	100	
8735	100	
8736	100	
8737	100	
8738	150	
8739	200	
8740	300	
8741	375	
8742	450	
8743	525	
8744	575	
8745	625	
8746	675	
8747	700	
8748	725	
8749	740	
8750	725	
8751	700	
8752	650	
8753	600	
8754	525	
8755	450	
8756	300	
8757	200	
8758	100	
8759	100	
8760	100	/;
